0.02857142857142857 2.4904833673468575e-07
0.02882965968827815 3.029984486593899e-07
0.02908789080512773 3.681441980215735e-07
0.02934612192197731 4.4670036970014643e-07
0.029604353038826893 5.412967998979668e-07
0.029862584155676473 6.550514365452499e-07
0.030120815272526053 7.916553359075477e-07
0.030379046389375632 9.554713725189882e-07
0.030637277506225212 1.1516486732909704e-06
0.030895508623074795 1.38625504585607e-06
0.031153739739924375 1.6664299578058498e-06
0.031411970856773955 2.0005609393759745e-06
0.03167020197362354 2.398486629191768e-06
0.031928433090473114 2.8717300627126304e-06
0.0321866642073227 3.4337662176852935e-06
0.032444895324172274 4.100328281750736e-06
0.03270312644102186 4.889757595640424e-06
0.03296135755787144 5.823402752143857e-06
0.033219588674721016 6.926073896874363e-06
0.0334778197915706 8.226558881993431e-06
0.033736050908420176 9.758208568139786e-06
0.03399428202526976 1.1559599251874308e-05
0.034252513142119335 1.367528091428457e-05
0.03451074425896892 1.6156620738440154e-05
0.034768975375818495 1.9062752125612755e-05
0.03502720649266808 2.2461640247963696e-05
0.03528543760951766 2.6431276002895152e-05
0.03554366872636724 3.1061011074275834e-05
0.03580189984321682 3.6453047649586227e-05
0.0360601309600664 4.2724097179390734e-05
0.03631836207691598 5.00072233843905e-05
0.036576593193765564 5.84538855017304e-05
0.03683482431061514 6.82361985003792e-05
0.03709305542746472 7.954942766733477e-05
0.0373512865443143 9.261473555209301e-05
0.03760951766116388 0.00010768219973405905
0.037867748778013466 0.00012503412022192779
0.03812597989486304 0.0001449886354790212
0.038384211011712625 0.00016790366606540366
0.0386424421285622 0.00019418120466565338
0.038900673245411785 0.0002242719707979787
0.03915890436226137 0.00025868044774166477
0.039417135479110944 0.00029797031814030267
0.03967536659596053 0.00034277031330120605
0.039933597712810104 0.0003937804893799078
0.04019182882965969 0.00045177894137545205
0.04045005994650927 0.000517628963130534
0.04070829106335885 0.000592286658295042
0.04096652218020842 0.0006768090034382516
0.041224753297058006 0.0007723623601529269
0.04148298441390759 0.000880231428056307
0.04174121553075717 0.0010018286250353967
0.04199944664760675 0.0011387038748895822
0.042257677764456325 0.001292554775681417
0.04251590888130591 0.0014652371146132233
0.04277413999815549 0.0016587756871083018
0.04303237111500507 0.0018753753690067725
0.04329060223185465 0.0021174323814133504
0.04354883334870423 0.0023875456777968725
0.04380706446555381 0.00268852837249071
0.044065295582403394 0.003023419118844791
0.04432352669925297 0.003395493334015578
0.04458175781610255 0.0038082741558454615
0.04483998893295213 0.004265543005590422
0.04509822004980171 0.00477134961853426
0.045356451166651296 0.00533002139292261
0.04561468228350087 0.005946171896324595
0.045872913400350455 0.006624708357658692
0.04613114451720003 0.0073708379628966095
0.046389375634049615 0.008190072763089895
0.0466476067508992 0.009088232995064602
0.046905837867748774 0.010071448608131186
0.04716406898459835 0.011146158784691662
0.047422300101447934 0.012319109238936806
0.04768053121829752 0.013597347076154901
0.0479387623351471 0.014988212995760484
0.04819699345199668 0.016499330624231225
0.04845522456884625 0.0181385927699401
0.048713455685695836 0.01991414440059741
0.04897168680254542 0.02183436215586608
0.049229917919395 0.023907830222851163
0.04948814903624458 0.02614331242072733
0.049746380153094155 0.028549720362865343
0.05000461126994374 0.031136077590509285
0.05026284238679332 0.03391147960136852
0.050521073503642905 0.03688504972939123
0.05077930462049248 0.040065890868400726
0.05103753573734206 0.043463033072070306
0.05129576685419164 0.047085377105685604
0.051553997971041224 0.05094163407104753
0.0518122290878908 0.05504026127437828
0.05207046020474038 0.05938939455782669
0.05232869132158996 0.06399677736768204
0.05258692243843954 0.06886968688619306
0.052845153555289126 0.074014857608372
0.0531033846721387 0.079438402799739
0.05336161578898828 0.085145734324939
0.05361984690583786 0.09114148138983529
0.053878078022687445 0.09742940879029868
0.05413630913953703 0.1040123353086829
0.054394540256386605 0.1108920529431086
0.05465277137323618 0.1180692476943682
0.054911002490085764 0.12554342266970456
0.05516923360693535 0.13331282429112887
0.05542746472378493 0.14137437241757136
0.05568569584063451 0.1497235952042873
0.05594392695748408 0.1583545695289254
0.056202158074333666 0.16725986781091165
0.05646038919118325 0.1764305120388206
0.05671862030803283 0.18585593579878643
0.05697685142488241 0.19552395506545076
0.057235082541731985 0.20542074847529065
0.05749331365858157 0.21553084775034895
0.05775154477543115 0.22583713887851084
0.058009775892280735 0.23632087458475096
0.05826800700913031 0.24696169854658853
0.05852623812597989 0.25773768171687805
0.05878446924282947 0.2686253710186754
0.059042700359679054 0.279599850571095
0.05930093147652863 0.29063481549275527
0.05955916259337821 0.3017026582116839
0.05981739371022779 0.3127745670886344
0.06007562482707737 0.3238206370359812
0.060333855943926956 0.33480999168807485
0.06059208706077654 0.34571091655270597
0.06085031817762611 0.356491002448617
0.06110854929447569 0.36711729841244567
0.061366780411325275 0.3775564731416294
0.06162501152817486 0.3877749839292738
0.06188324264502444 0.39773925194427695
0.06214147376187401 0.4074158426166452
0.062399704878723594 0.41677164980531817
0.06265793599557318 0.42577408235522585
0.06291616711242276 0.43439125159295383
0.06317439822927234 0.4425921582672489
0.06343262934612191 0.4503468774125802
0.0636908604629715 0.45762673960172207
0.06394909157982108 0.4644045070573155
0.06420732269667066 0.47065454311290833
0.06446555381352023 0.4763529735510548
0.06472378493036982 0.4814778383995733
0.0649820160472194 0.48600923283656927
0.06524024716406898 0.48992943593976107
0.06549847828091857 0.49322302611512786
0.06575670939776813 0.4958769821529426
0.06601494051461772 0.4978807689846031
0.0662731716314673 0.49922640734994345
0.06653140274831688 0.49990852673034303
0.06678963386516647 0.499924401056242
0.06704786498201604 0.4992739668568348
0.06730609609886562 0.4979598236828443
0.0675643272157152 0.4959872167984361
0.06782255833256479 0.49336400230353544
0.06808078944941437 0.49010059501108333
0.06833902056626394 0.48620989956315935
0.06859725168311352 0.4817072254235167
0.0688554827999631 0.47661018653011156
0.06911371391681269 0.47093858652795834
0.06937194503366227 0.4647142906285508
0.06963017615051184 0.4579610852557407
0.06988840726736142 0.45070452673812594
0.07014663838421101 0.4429717803936399
0.07040486950106059 0.43479145142229164
0.07066310061791017 0.4261934090772939
0.07092133173475974 0.41720860562269696
0.07117956285160933 0.4078688916069588
0.07143779396845891 0.3982068289866782
0.07169602508530849 0.3882555036232116
0.07195425620215806 0.3780483386476264
0.07221248731900765 0.36761891014700243
0.07247071843585723 0.35700076656839885
0.07272894955270681 0.34622725316680586
0.0729871806695564 0.33533134274134346
0.07324541178640596 0.3243454738110752
0.07350364290325555 0.31330139727952055
0.07376187402010513 0.3022300325267574
0.07402010513695471 0.29116133375140685
0.0742783362538043 0.2801241672634372
0.07453656737065387 0.26914620030413006
0.07479479848750345 0.25825380184333746
0.07505302960435303 0.2474719556778709
0.07531126072120262 0.23682418602994504
0.0755694918380522 0.2263324957225308
0.07582772295490177 0.21601731689051332
0.07608595407175135 0.20589747407394562
0.07634418518860094 0.19599015943354253
0.07660241630545052 0.18631091972978178
0.0768606474223001 0.1768736546164736
0.07711887853914967 0.16769062571802804
0.07737710965599925 0.15877247588747015
0.07763534077284884 0.1501282579799044
0.07789357188969842 0.14176547242381565
0.07815180300654799 0.13369011283046842
0.07841003412339757 0.12590671884962312
0.07866826524024716 0.1184184354577139
0.07892649635709674 0.11122707785218167
0.07918472747394632 0.10433320112249234
0.07944295859079589 0.09773617387393893
0.07970118970764548 0.09143425499408585
0.07995942082449506 0.08542467277300528
0.08021765194134464 0.07970370561654898
0.08047588305819423 0.0742667636260845
0.0807341141750438 0.06910847035757309
0.08099234529189338 0.06422274411680763
0.08125057640874296 0.05960287819525079
0.08150880752559254 0.05524161950140023
0.08176703864244213 0.0511312450952081
0.0820252697592917 0.047263636187011314
0.08228350087614128 0.04363034921698695
0.08254173199299086 0.040222683685657915
0.08279996310984045 0.03703174645979831
0.08305819422669003 0.03404851233068068
0.0833164253435396 0.03126388065243322
0.08357465646038918 0.028668727936900232
0.08383288757723877 0.02625395632743609
0.08409111869408835 0.024010537917178942
0.08434934981093793 0.021929554917304805
0.0846075809277875 0.02000223571733955
0.08486581204463708 0.018219986912678825
0.08512404316148667 0.01657442140395124
0.08538227427833625 0.015057382698720959
0.08564050539518582 0.0136609655682955
0.0858987365120354 0.012377533231131766
0.08615696762888499 0.011199731249633152
0.08641519874573457 0.010120498339129357
0.08667342986258415 0.009133074296705606
0.08693166097943372 0.008231005263479627
0.0871898920962833 0.007408146537129616
0.08744812321313289 0.006658663152177774
0.08770635432998247 0.005977028443962588
0.08796458544683206 0.005358020808636382
0.08822281656368162 0.004796718866138135
0.08848104768053121 0.004288495226159985
0.08873927879738079 0.003829009048884938
0.08899750991423037 0.0034141975829484333
0.08925574103107996 0.0030402668528905163
0.08951397214792953 0.0027036816575203887
0.08977220326477911 0.0024011550293068103
0.0900304343816287 0.0021296372933129583
0.09028866549847828 0.0018863048524750438
0.09054689661532786 0.001668548814327703
0.09080512773217743 0.001473963562733867
0.09106335884902701 0.0013003353668970348
0.0913215899658766 0.0011456311090165838
0.09157982108272616 0.0010079872014726408
0.09183805219957575 0.0008856987544641925
0.09209628331642533 0.0007772090456235167
0.09235451443327491 0.0006810993343316794
0.0926127455501245 0.0005960790552907774
0.09287097666697407 0.0005209764183844416
0.09312920778382365 0.0004547294349850164
0.09338743890067323 0.0003963773846409752
0.09364567001752282 0.0003450527304905524
0.0939039011343724 0.00029997348678059666
0.09416213225122197 0.00026043603749991437
0.09442036336807155 0.0002258084013369659
0.09467859448492114 0.00019552393491165454
0.09493682560177072 0.00016907546347640445
0.0951950567186203 0.00014600982599752063
0.09545328783546987 0.0001259228196770435
0.09571151895231945 0.00010845452752096386
0.09596975006916904 9.328501146466201e-05
0.09622798118601862 8.013035279415573e-05
0.0964862123028682 6.873902111684455e-05
0.09674444341971777 5.888855290356918e-05
0.09700267453656736 5.038252061253587e-05
0.09726090565341694 4.3047773584213766e-05
0.09751913677026652 3.6731932235990115e-05
0.0977773678871161 3.130111755960917e-05
0.09803559900396568 2.66378985087626e-05
0.09829383012081526 2.263944053644652e-05
0.09855206123766484 1.9215839281840665e-05
0.09881029235451443 1.6288624196577307e-05
0.099068523471364 1.3789417724602514e-05
0.09932675458821358 1.1658736494541027e-05
0.09958498570506316 9.844921836676745e-06
0.09984321682191274 8.303187788204261e-06
0.10010144793876233 6.994775591838624e-06
0.1003596790556119 5.886204517242806e-06
0.10061791017246148 4.9486096365294025e-06
0.10087614128931106 4.157157960073133e-06
0.10113437240616065 3.490535083953594e-06
0.10139260352301023 2.9304952135052416e-06
0.1016508346398598 2.4614681075783317e-06
0.10190906575670938 2.07021713494214e-06
0.10216729687355897 1.7455432482467026e-06
0.10242552799040855 1.4780302632028174e-06
0.10268375910725813 1.259827382805996e-06
0.1029419902241077 1.0844654306688438e-06
0.10320022134095728 9.467037564180819e-07
0.10345845245780687 8.424052526060571e-07
0.10371668357465645 7.684373799526032e-07
0.10397491469150603 7.225975395254548e-07
0.1042331458083556 7.035615604830888e-07
0.10449137692520519 7.10854494258591e-07
0.10474960804205477 7.448433247621544e-07
0.10500783915890435 8.067516236986667e-07
0.10526607027575394 8.98696604961369e-07
0.1055243013926035 1.0237494669312874e-06
0.10578253250945309 1.1860203611598245e-06
0.10604076362630267 1.390769795210083e-06
0.10629899474315226 1.6445487713317084e-06
0.10655722586000183 1.9553704861471303e-06
0.10681545697685141 2.3329169746653894e-06
0.10707368809370099 2.788784679734828e-06
0.10733191921055057 3.3367735704742576e-06
0.10759015032740016 3.993225125157535e-06
0.10784838144424973 4.777415240192323e-06
0.10810661256109931 5.712008931720125e-06
0.1083648436779489 6.8235845641563476e-06
0.10862307479479848 8.14323627446674e-06
0.10888130591164806 9.707264265400328e-06
0.10913953702849763 1.155796371789647e-05
0.10939776814534721 1.3744524224297873e-05
0.1096559992621968 1.6324052870733292e-05
0.10991423037904638 1.9362735398885595e-05
0.11017246149589596 2.2937151252812718e-05
0.11043069261274553 2.7135759762535275e-05
0.11068892372959512 3.206057622799596e-05
0.1109471548464447 3.7829058238022437e-05
0.11120538596329428 4.457622418018667e-05
0.11146361708014386 5.245702755755577e-05
0.11172184819699343 6.164901241318954e-05
0.11198007931384302 7.235527685578563e-05
0.1122383104306926 8.480777335975182e-05
0.11249654154754218 9.927097615646518e-05
0.11275477266439177 0.0001160459476129374
0.11301300378124134 0.00013547483697817455
0.11327123489809092 0.00015794584623058736
0.1135294660149405 0.0001838986989420296
0.11378769713179009 0.00021383064904133663
0.11404592824863966 0.00024830306706393097
0.11430415936548924 0.0002879486418613928
0.11456239048233882 0.0003334792357586162
0.1148206215991884 0.0003856944307253223
0.11507885271603799 0.0004454908022081971
0.11533708383288756 0.000513871955781886
0.11559531494973714 0.0005919593596504853
0.11585354606658672 0.0006810040031931257
0.11611177718343631 0.0007823989081238222
0.11637000830028589 0.0008976925143522312
0.11662823941713546 0.0010286029572152459
0.11688647053398504 0.0011770332463279104
0.11714470165083463 0.001345087348808333
0.11740293276768421 0.0015350871710029686
0.11766116388453379 0.0017495904230199408
0.11791939500138336 0.0019914093393229113
0.11817762611823295 0.0022636302163106248
0.11843585723508253 0.0025696337141846537
0.11869408835193211 0.002913115855483827
0.1189523194687817 0.0032981096364467087
0.11921055058563126 0.003729007149885044
0.11946878170248085 0.004210582099561899
0.11972701281933043 0.004748012566244419
0.11998524393618001 0.005346903864746409
0.1202434750530296 0.006013311309518091
0.12050170616987917 0.006753762683842254
0.12075993728672875 0.007575280184647535
0.12101816840357833 0.008485401591573264
0.12127639952042792 0.009492200385476091
0.12153463063727749 0.010604304518340261
0.12179286175412707 0.011830913513867752
0.12205109287097665 0.013181813556230382
0.12230932398782624 0.014667390203950796
0.12256755510467582 0.016298638347047534
0.12282578622152539 0.018087169008871216
0.12308401733837497 0.020045212579926683
0.12334224845522455 0.022185618059887446
0.12360047957207414 0.024521847876454252
0.12385871068892372 0.02706796784615951
0.12411694180577329 0.02983863184316934
0.12437517292262287 0.03284906074804758
0.12463340403947246 0.036115015259771524
0.12489163515632204 0.03965276217146213
0.12514986627317162 0.04347903373367815
0.1254080973900212 0.04761097975908081
0.1256663285068708 0.052066112159071205
0.12592455962372037 0.05686224164685418
0.12618279074056996 0.06201740639242251
0.12644102185741954 0.06754979247323344
0.1266992529742691 0.07347764602981563
0.12695748409111868 0.07981917710805009
0.12721571520796826 0.08659245524912734
0.12747394632481784 0.09381529697386383
0.12773217744166743 0.10150514539957746
0.127990408558517 0.10967894232452269
0.1282486396753666 0.11835299321615826
0.12850687079221618 0.1275428256443995
0.12876510190906576 0.13726304180848092
0.12902333302591532 0.1475271659149901
0.1292815641427649 0.1583474872738035
0.12953979525961448 0.16973490008668066
0.12979802637646407 0.18169874100881378
0.13005625749331365 0.19424662566504744
0.13031448861016323 0.2073842853983597
0.13057271972701281 0.22111540561683427
0.1308309508438624 0.2354414671851927
0.13108918196071198 0.2503615923763756
0.13134741307756156 0.2658723969560929
0.13160564419441112 0.281967850017196
0.1318638753112607 0.2986391432097443
0.1321221064281103 0.3158745710253684
0.13238033754495987 0.3336594237899489
0.13263856866180945 0.3519758949954985
0.13289679977865904 0.3708030045598665
0.13315503089550862 0.3901165395407242
0.1334132620123582 0.40988901374794023
0.13367149312920779 0.4300896475957908
0.13392972424605737 0.45068436941363416
0.13418795536290692 0.4716358392911583
0.1344461864797565 0.4929034963728436
0.1347044175966061 0.5144436303368248
0.13496264871345567 0.5362094775974038
0.13522087983030526 0.5581513425593979
0.13547911094715484 0.580216744028489
0.13573734206400442 0.6023505866467379
0.135995573180854 0.624495356978939
0.1362538042977036 0.6465913436261052
0.13651203541455315 0.6685768804899158
0.13677026653140273 0.6903886120593978
0.1370284976482523 0.7119617793414544
0.1372867287651019 0.7332305248134339
0.13754495988195148 0.7541282145416454
0.13780319099880106 0.7745877753880185
0.13806142211565064 0.7945420450208802
0.13831965323250023 0.8139241322581463
0.1385778843493498 0.8326677851048955
0.1388361154661994 0.8507077637049304
0.13909434658304895 0.8679802153098877
0.13935257769989853 0.8844230482818197
0.13961080881674812 0.8999763020876138
0.1398690399335977 0.9145825102176434
0.14012727105044728 0.9281870529674278
0.14038550216729687 0.940738497060583
0.14064373328414645 0.9521889191639581
0.14090196440099603 0.9624942104513141
0.14116019551784562 0.9716143595094401
0.1414184266346952 0.9795137110490049
0.14167665775154475 0.9861611980800855
0.14193488886839434 0.9915305454371529
0.14219311998524392 0.9956004427878731
0.1424513511020935 0.9983546855316788
0.1427095822189431 0.9997822822844832
0.14296781333579267 0.9998775279518679
0.14322604445264225 0.9986400417109182
0.14348427556949184 0.9960747695468506
0.14374250668634142 0.9921919513207881
0.14400073780319098 0.9870070526755338
0.14425896892004056 0.9805406624130062
0.14451720003689014 0.9728183562962524
0.14477543115373973 0.9638705285368064
0.1450336622705893 0.9537321925210486
0.1452918933874389 0.9424427526036732
0.14555012450428848 0.9300457490492883
0.14580835562113806 0.9165885784316984
0.14606658673798764 0.9021221920020831
0.14632481785483722 0.8867007747099767
0.14658304897168678 0.8703814077029843
0.14684128008853636 0.8532237172412616
0.14709951120538595 0.8352895130401613
0.14735774232223553 0.8166424190986048
0.1476159734390851 0.7973475000819257
0.1478742045559347 0.7774708863064609
0.14813243567278428 0.757079400320075
0.14839066678963386 0.7362401879893571
0.14864889790648345 0.715020356892129
0.14890712902333303 0.6934866246751562
0.14916536014018258 0.6717049798739021
0.14942359125703217 0.6497403575063463
0.14968182237388175 0.6276563315492012
0.14994005349073133 0.6055148261850544
0.15019828460758092 0.5833758474764251
0.1504565157244305 0.5612972368803077
0.15071474684128008 0.5393344477678592
0.15097297795812967 0.5175403458615427
0.15123120907497925 0.49596503424938143
0.1514894401918288 0.47465570338597884
0.1517476713086784 0.45365650624544895
0.15200590242552797 0.43300845855509174
0.15226413354237756 0.41274936381280747
0.15252236465922714 0.39291376257834243
0.15278059577607672 0.3735329053301542
0.1530388268929263 0.35463474799783185
0.1532970580097759 0.33624396911588694
0.15355528912662547 0.3183820073994548
0.15381352024347505 0.30106711841677936
0.15407175136032464 0.28431444892779595
0.15432998247717422 0.2681361273728735
0.15458821359402378 0.2525413689307627
0.15484644471087336 0.2375365935196741
0.15510467582772294 0.22312555508967521
0.15536290694457253 0.20930948054731532
0.1556211380614221 0.1960872166637949
0.1558793691782717 0.18345538334472514
0.15613760029512128 0.17140853168142148
0.15639583141197086 0.1599393052592684
0.15665406252882044 0.14903860326649448
0.15691229364567003 0.13869574402514404
0.15717052476251958 0.12889862765351917
0.15742875587936916 0.11963389666428269
0.15768698699621875 0.1108870934031836
0.15794521811306833 0.10264281333835033
0.15820344922991791 0.09488485331790705
0.1584616803467675 0.08759635402273339
0.15871991146361708 0.08075993595024306
0.15897814258046666 0.07435782837280883
0.15923637369731625 0.06837199081977709
0.15949460481416583 0.0627842267338614
0.15975283593101539 0.05757628905018564
0.16001106704786497 0.05272997753857205
0.16026929816471455 0.048227227836214616
0.16052752928156414 0.04405019217806906
0.16078576039841372 0.04018131190579769
0.1610439915152633 0.0366033819025792
0.16130222263211288 0.033299607160407405
0.16156045374896247 0.030253651738575967
0.16181868486581205 0.027449680416918844
0.1620769159826616 0.024872393385168293
0.1623351470995112 0.02250705434070729
0.16259337821636077 0.020339512391308365
0.16285160933321036 0.01835621817747601
0.16310984045005994 0.016544234641156383
0.16336807156690952 0.014891242874231747
0.1636263026837591 0.013385543481847303
0.1638845338006087 0.012016053892684318
0.16414276491745827 0.010772302041278747
0.16440099603430786 0.009644416836872335
0.1646592271511574 0.008623115819557072
0.164917458268007 0.0076996903881036815
0.16517568938485658 0.006865988965312931
0.16543392050170616 0.0061143984464232595
0.16569215161855574 0.00543782425447706
0.16595038273540533 0.004829669303964522
0.1662086138522549 0.004283812150894417
0.1664668449691045 0.003794584584008071
0.16672507608595408 0.003356748888451177
0.16698330720280366 0.002965474990107918
0.16724153831965322 0.002616317666212708
0.1674997694365028 0.0023051939859807585
0.16775800055335238 0.0020283611240066992
0.16801623167020197 0.0017823946692013205
0.16827446278705155 0.0015641675331814235
0.16853269390390113 0.0013708295443714854
0.16879092502075072 0.0011997877976768737
0.1690491561376003 0.0010486878144781097
0.16930738725444988 0.0009153955538873776
0.16956561837129944 0.0007979803036970105
0.16982384948814902 0.0006946984682145301
0.1700820806049986 0.0006039782601863329
0.1703403117218482 0.0005244052952163767
0.17059854283869777 0.00045470907943437376
0.17085677395554735 0.000393750374597007
0.17111500507239694 0.0003405094192496188
0.17137323618924652 0.0002940749799632872
0.1716314673060961 0.0002536342029201612
0.17188969842294569 0.00021846323317394224
0.17214792953979524 0.0001879185666883521
0.17240616065664482 0.0001614290986810327
0.1726643917734944 0.0001384888308025893
0.172922622890344 0.00011865019919148823
0.17318085400719357 0.00010151798540036348
0.17343908512404316 8.674377252579569e-05
0.17369731624089274 7.402090953438482e-05
0.17395554735774232 6.30799477092488e-05
0.1742137784745919 5.368451429378587e-05
0.1744720095914415 4.5627589738777264e-05
0.17473024070829105 3.872815642418748e-05
0.17498847182514063 3.282818829209557e-05
0.1752467029419902 2.7789952459979143e-05
0.1755049340588398 2.349359555583536e-05
0.17576316517568938 1.9834989204033773e-05
0.17602139629253896 1.6723810772324036e-05
0.17627962740938855 1.4081837148474155e-05
0.17653785852623813 1.1841430934880268e-05
0.1767960896430877 9.944200019246176e-06
0.17705432075993727 8.33981298960559e-06
0.17731255187678685 6.984954305297172e-06
0.17757078299363643 5.842404506716505e-06
0.17782901411048602 4.880232042172759e-06
0.1780872452273356 4.07108450791977e-06
0.17834547634418518 3.39156823659804e-06
0.17860370746103477 2.8217062302239597e-06
0.17886193857788435 2.3444654176926036e-06
0.17912016969473393 1.945345125460983e-06
0.17937840081158352 1.6120194861863688e-06
0.17963663192843307 1.3340272766025728e-06
0.17989486304528265 1.1025033761644826e-06
0.18015309416213224 9.099466755570699e-07
0.18041132527898182 7.500198427788331e-07
0.1806695563958314 6.173768779820678e-07
0.180927787512681 5.075148604001346e-07
0.18118601862953057 4.166467152972131e-07
0.18144424974638015 3.415922096336152e-07
0.18170248086322974 2.79684725627272e-07
0.18196071198007932 2.286916650420171e-07
0.18221894309692888 1.867466071129896e-07
0.18247717421377846 1.5229158261731337e-07
0.18273540533062804 1.2402803861468846e-07
0.18299363644747763 1.0087525552541952e-07
0.1832518675643272 8.19351429976849e-08
0.1835100986811768 6.6462485764226e-08
0.18376832979802638 5.383983753754715e-08
0.18402656091487596 4.3556371897463236e-08
0.18428479203172554 3.519009586789215e-08
0.1845430231485751 2.8392916079422443e-08
0.18480125426542468 2.2878120533960822e-08
0.18505948538227426 1.840990234655458e-08
0.18531771649912385 1.4794606621467853e-08
0.18557594761597343 1.1873428884630747e-08
0.185834178732823 9.516334187906207e-09
0.1860924098496726 7.617000962807432e-09
0.18635064096652218 6.088623677417249e-09
0.18660887208337176 4.860433998818912e-09
0.18686710320022135 3.874822064657684e-09
0.1871253343170709 3.0849581314680485e-09
0.18738356543392048 2.4528307410204146e-09
0.18764179655077007 1.9476310197478375e-09
0.18790002766761965 1.5444241407663075e-09
0.18815825878446923 1.2230586291276454e-09
0.18841648990131882 9.672723354447749e-10
0.1886747210181684 7.639607629953011e-10
0.18893295213501798 6.02579200487747e-10
0.18919118325186757 4.746549518598594e-10
0.18944941436871715 3.733900074786049e-10
0.1897076454855667 2.9333788935308526e-10
0.1899658766024163 2.3014123026328253e-10
0.19022410771926587 1.8031900159636958e-10
0.19048233883611546 1.4109426252704014e-10
0.19074056995296504 1.1025492797559547e-10
0.19099880106981462 8.604139875263175e-11
0.1912570321866642 6.705601030293283e-11
0.1915152633035138 5.219017517800238e-11
0.19177349442036337 4.0565851367506515e-11
0.19203172553721293 3.1488591270470716e-11
0.1922899566540625 2.4409937332638313e-11
0.1925481877709121 1.8897349416287547e-11
0.19280641888776168 1.461019183547447e-11
0.19306465000461126 1.1280588044296004e-11
0.19332288112146084 8.69817932091772e-12
0.19358111223831043 6.698009670179369e-12
0.19383934335516 5.150910214447839e-12
0.1940975744720096 3.955878874632139e-12
0.19435580558885918 3.0340503752901294e-12
0.19461403670570873 2.323931834411774e-12
0.19487226782255831 1.7776439505433415e-12
0.1951304989394079 1.3579599745709677e-12
0.19538873005625748 1.0359766234514955e-12
0.19564696117310706 7.892847981267487e-13
0.19590519228995665 6.005349904298007e-13
0.19616342340680623 4.563138929873754e-13
0.19642165452365581 3.4626600982371955e-13
0.1966798856405054 2.624078539071587e-13
0.19693811675735498 1.9859330001340597e-13
0.19719634787420454 1.5009739389766257e-13
0.19745457899105412 1.1329285132540867e-13
0.1977128101079037 8.539897510829815e-14
0.19797104122475329 6.428706612877361e-14
0.19822927234160287 4.8329839187780726e-14
0.19848750345845245 3.62850637115518e-14
0.19874573457530204 2.7205782769351205e-14
0.19900396569215162 2.037114115963557e-14
0.1992621968090012 1.5233169919511877e-14
0.19952042792585076 1.1375906422242045e-14
0.19977865904270034 8.484036562567532e-15
0.20003689015954992 6.318876221152703e-15
0.2002951212763995 4.700001115238403e-15
0.2005533523932491 3.491217211348772e-15
0.20081158351009867 2.589861711236272e-15
0.20106981462694826 1.9186558238566355e-15
0.20132804574379784 1.4195097295324996e-15
0.20158627686064742 1.0488188087472672e-15
0.201844507977497 7.738973449058539e-16
0.20210273909434656 5.702785575295462e-16
0.20236097021119615 4.196734782085535e-16
0.20261920132804573 3.0843013381976843e-16
0.2028774324448953 2.2637208786566694e-16
0.2031356635617449 1.659242054716095e-16
0.20339389467859448 1.2145556345125802e-16
0.20365212579544406 8.878628316548819e-17
0.20391035691229364 6.48179265411086e-17
0.20416858802914323 4.7256895655982994e-17
0.2044268191459928 3.440773145602407e-17
0.20468505026284237 2.5018869801484153e-17
0.20494328137969195 1.816770754620802e-17
0.20520151249654153 1.3175083294268525e-17
0.20545974361339112 9.541736189644143e-18
0.2057179747302407 6.901162226995958e-18
0.20597620584709028 4.984686668647271e-18
0.20623443696393987 3.595624145186753e-18
0.20649266808078945 2.590189318534141e-18
0.20675089919763903 1.863414729996093e-18
0.2070091303144886 1.3387772891419917e-18
0.20726736143133817 9.605676243756849e-19
0.20752559254818775 6.882850702731785e-19
0.20778382366503734 4.925264405528539e-19
0.20804205478188692 3.519747804239666e-19
0.2083002858987365 2.5119693705067227e-19
0.2085585170155861 1.790349950486187e-19
0.20881674813243567 1.2743311926033922e-19
0.20907497924928525 9.058316584276383e-20
0.20933321036613484 6.430333127837065e-20
0.2095914414829844 4.5586919488377353e-20
0.20984967259983398 3.227511628344255e-20
0.21010790371668356 2.2820028446738356e-20
0.21036613483353314 1.611333155417091e-20
0.21062436595038272 1.1362536765495417e-20
0.2108825970672323 8.001769846186134e-21
0.2111408281840819 5.627527241622418e-21
0.21139905930093147 3.952482470307933e-21
0.21165729041778106 2.7723183211906452e-21
0.21191552153463064 1.9419454837232368e-21
0.2121737526514802 1.3584753695130813e-21
0.21243198376832978 9.490460798872122e-22
0.21269021488517936 6.621305507913137e-22
0.21294844600202895 4.613396162122248e-22
0.21320667711887853 3.2101007965322126e-22
0.2134649082357281 2.230680572327092e-22
0.2137231393525777 1.548021173366247e-22
0.21398137046942728 1.0728455503849108e-22
0.21423960158627686 7.425373576065021e-23
0.21449783270312642 5.1323965958865196e-23
0.214756063819976 3.5427695593745485e-23
0.21501429493682558 2.4422290719793247e-23
0.21527252605367517 1.6813211847726457e-23
0.21553075717052475 1.1559412708089977e-23
0.21578898828737433 7.93673080657898e-24
0.21604721940422392 5.442122673968108e-24
0.2163054505210735 3.726625918935172e-24
0.21656368163792308 2.5484966630791842e-24
0.21682191275477267 1.7404964206558173e-24
0.21708014387162222 1.1870882214453134e-24
0.2173383749884718 8.085626076617434e-25
0.2175966061053214 5.500030615034449e-25
0.21785483722217097 3.736262290539457e-25
0.21811306833902055 2.5347223983989917e-25
0.21837129945587014 1.7172923866633523e-25
0.21862953057271972 1.1619271044772897e-25
0.2188877616895693 7.851168839233868e-26
0.2191459928064189 5.297982840673416e-26
0.21940422392326847 3.5703235445307714e-26
0.21966245504011803 2.4028430071615448e-26
0.2199206861569676 1.6149683494285696e-26
0.2201789172738172 1.0839853936287448e-26
0.22043714839066678 7.266137991545297e-27
0.22069537950751636 4.8641241200648925e-27
0.22095361062436594 3.2518196555344694e-27
0.22121184174121553 2.1710461294770837e-27
0.2214700728580651 1.4475462441300196e-27
0.2217283039749147 9.638659502326388e-28
0.22198653509176425 6.409462727953281e-28
0.22224476620861383 4.256448767120998e-28
0.22250299732546341 2.8228902288559536e-28
0.222761228442313 1.8696545324819478e-28
0.22301945955916258 1.2366577942742262e-28
0.22327769067601216 8.168804596566067e-29
0.22353592179286175 5.388752932354447e-29
0.22379415290971133 3.550085665530808e-29
0.2240523840265609 2.335663047571302e-29
0.2243106151434105 1.5346252615165989e-29
0.22456884626026005 1.0069671247065005e-29
0.22482707737710964 6.598557983057145e-30
0.22508530849395922 4.318208209357783e-30
0.2253435396108088 2.8221423519268387e-30
0.22560177072765839 1.84193817925743e-30
0.22586000184450797 1.2005824200089372e-30
0.22611823296135755 7.815013016052696e-31
0.22637646407820713 5.080286768769183e-31
0.22663469519505672 3.298128299177568e-31
0.22689292631190627 2.1382951961926885e-31
0.22715115742875586 1.384486007197083e-31
0.22740938854560544 8.952210331308166e-32
0.22766761966245502 5.780864369302139e-32
0.2279258507793046 3.728001504343177e-32
0.2281840818961542 2.4009337354723738e-32
0.22844231301300377 1.5442053936532826e-32
0.22870054412985336 9.91860858775241e-33
0.22895877524670294 6.362345300603649e-33
0.22921700636355252 4.0757216390281134e-33
0.22947523748040208 2.607429596551784e-33
0.22973346859725166 1.6658713631836567e-33
0.22999169971410124 1.0628968757811315e-33
0.23024993083095083 6.772696191810722e-34
0.2305081619478004 4.309757704531638e-34
0.23076639306465 2.7388289576822403e-34
0.23102462418149958 1.7381920668183835e-34
0.23128285529834916 1.101669718081473e-34
0.23154108641519874 6.973099411062011e-35
0.23179931753204833 4.4077920527753735e-35
0.23205754864889788 2.7825125671517753e-35
0.23231577976574747 1.7541792423249386e-35
0.23257401088259705 1.1044132205755178e-35
0.23283224199944663 6.944004956307085e-36
0.23309047311629622 4.360228443171651e-36
0.2333487042331458 2.7341935926854134e-36
0.23360693534999538 1.712261433984501e-36
0.23386516646684496 1.0708575053036529e-36
0.23412339758369455 6.688274527161539e-37
0.2343816287005441 4.171740570792914e-37
0.2346398598173937 2.5986111123078692e-37
0.23489809093424327 1.6165386239507898e-37
0.23515632205109285 1.0042727442640182e-37
0.23541455316794244 6.230717528968739e-38
0.23567278428479202 3.860515012539176e-38
0.2359310154016416 2.3887638856181676e-38
0.23618924651849119 1.4761211389162714e-38
0.23644747763534077 9.109437716671685e-39
0.23670570875219035 5.614123190798471e-39
0.2369639398690399 3.455358409761083e-39
0.2372221709858895 2.1238559679406054e-39
0.23748040210273907 1.3037004543239731e-39
0.23773863321958866 7.99192443141472e-40
0.23799686433643824 4.892667658547608e-40
0.23825509545328782 2.9913061288146564e-40
0.2385133265701374 1.826403795604177e-40
0.238771557686987 1.1136623495919273e-40
0.23902978880383657 6.781582819263828e-41
0.23928801992068616 4.1241020049337295e-41
0.2395462510375357 2.5046585191872756e-41
0.2398044821543853 1.5191072770805184e-41
0.24006271327123488 9.201299374675813e-42
0.24032094438808446 5.5658394455824095e-42
0.24057917550493405 3.362273081484033e-42
0.24083740662178363 2.0284116165287804e-42
0.2410956377386332 1.2220809958597341e-42
0.2413538688554828 7.353002070673671e-43
0.24161209997233238 4.418248941506551e-43
0.24187033108918193 2.651285349657322e-43
0.24212856220603152 1.5888524137974496e-43
0.2423867933228811 9.50892540086019e-44
0.24264502443973068 5.683293943825962e-44
0.24290325555658027 3.3922636063717966e-44
0.24316148667342985 2.0220871237517366e-44
0.24341971779027943 1.2037351166630344e-44
0.24367794890712902 7.156205332889871e-45
0.2439361800239786 4.248693988920522e-45
0.24419441114082818 2.519120298637901e-45
0.24445264225767774 1.4916370383327346e-45
0.24471087337452732 8.820601585331029e-46
0.2449691044913769 5.208996307081669e-46
0.2452273356082265 3.0720670425250995e-46
0.24548556672507607 1.8093730816749067e-46
0.24574379784192565 1.0642566115913614e-46
0.24600202895877524 6.251516545117097e-47
0.24626026007562482 3.667289618774347e-47
0.2465184911924744 2.148452861348109e-47
0.246776722309324 1.256976753169178e-47
0.24703495342617354 7.344283930606087e-48
0.24729318454302313 4.285410871989966e-48
0.2475514156598727 2.4972169375275302e-48
0.2478096467767223 1.453251811072499e-48
0.24806787789357188 8.44590651292375e-49
0.24832610901042146 4.9019904763449394e-49
0.24858434012727104 2.8413154476905874e-49
0.24884257124412063 1.644702066124768e-49
0.2491008023609702 9.50770765776161e-50
0.24935903347781976 5.488898467328573e-50
0.24961726459466935 3.1645748424311655e-50
0.24987549571151893 1.822075385401224e-50
0.2501337268283685 1.0477028067619334e-50
0.25039195794521807 6.016316424554727e-51
0.25065018906206765 3.450198071160366e-51
0.25090842017891724 1.9759601537703255e-51
0.2511666512957668 1.1301423073836568e-51
0.2514248824126164 6.455187775714453e-52
0.251683113529466 3.682183460758547e-52
0.25194134464631557 2.097600423408088e-52
0.25219957576316515 1.1933309298025015e-52
0.25245780688001473 6.779845988541738e-53
0.2527160379968643 3.8467995446353197e-53
0.2529742691137139 2.179716840374951e-53
0.2532325002305635 1.233449573816399e-53
0.25349073134741307 6.970493316150758e-54
0.25374896246426265 3.9339281812825004e-54
0.25400719358111223 2.2172268808423422e-54
0.2542654246979618 1.2480001553731477e-54
0.25452365581481134 7.01519810546167e-55
0.25478188693166093 3.93809361915484e-55
0.2550401180485105 2.2077654309804105e-55
0.2552983491653601 1.2360630316326643e-55
0.2555565802822097 6.911130641884215e-56
0.25581481139905926 3.8590320331384414e-56
0.25607304251590884 2.15193158885529e-56
0.2563312736327584 1.1983931943904324e-56
0.256589504749608 6.66485957421711e-57
0.2568477358664576 3.701719178253053e-57
0.2571059669833072 2.0532258845359114e-57
0.25736419810015676 1.1373412440065123e-57
0.25762242921700634 6.2916657516884295e-58
0.2578806603338559 3.47585213095715e-58
0.2581388914507055 1.917687064128193e-58
0.2583971225675551 1.0566106432718856e-58
0.2586553536844047 5.813973119394941e-59
0.25891358480125426 3.194860162863094e-59
0.25917181591810384 1.7532808319286502e-59
0.25943004703495337 9.608861015061648e-60
0.25968827815180295 5.259120656747886e-60
0.25994650926865254 2.8745849918101446e-60
0.2602047403855021 1.5691265435625418e-60
0.2604629715023517 8.553849019552621e-61
0.2607212026192013 4.6567828617063096e-61
0.26097943373605087 2.5318104705404033e-61
0.26123766485290045 1.374666000324223e-61
0.26149589596975004 7.453907298399777e-62
0.2617541270865996 4.036375666335984e-62
0.2620123582034492 2.182830269216383e-62
0.2622705893202988 1.178878783792623e-62
0.26252882043714837 6.358272433473521e-63
0.26278705155399795 3.42475815747483e-63
0.26304528267084754 1.8422199516252082e-63
0.2633035137876971 9.896322744718745e-64
0.2635617449045467 5.309174689127437e-64
0.2638199760213963 2.8444675022858707e-64
0.26407820713824587 1.5219336996940335e-64
0.2643364382550954 8.132260594251449e-65
0.264594669371945 4.3395793749079e-65
0.26485290048879456 2.312622688320328e-65
0.26511113160564415 1.2307864993801338e-65
0.26536936272249373 6.541561995904363e-66
0.2656275938393433 3.4721701220297024e-66
0.2658858249561929 1.8405233256857424e-66
0.2661440560730425 9.743218724135721e-67
0.26640228718989206 5.150914895980403e-67
0.26666051830674165 2.7194876632255446e-67
0.26691874942359123 1.433872738063238e-67
0.2671769805404408 7.550138500876249e-68
0.2674352116572904 3.970269846708187e-68
0.26769344277414 2.084999371747409e-68
0.26795167389098956 1.0934844906496156e-68
0.26820990500783914 5.727170639005809e-69
0.2684681361246887 2.995631677443822e-69
0.2687263672415383 1.5647951882439786e-69
0.2689845983583879 8.162954686729007e-70
0.2692428294752375 4.2526345725899326e-70
0.269501060592087 2.2125319025556748e-70
0.2697592917089366 1.1495869196639402e-70
0.27001752282578617 5.965060898963788e-71
0.27027575394263575 3.0910693314943718e-71
0.27053398505948534 1.5996442406979566e-71
0.2707922161763349 8.267207979092033e-72
0.2710504472931845 4.2669260494722786e-72
0.2713086784100341 2.19933894708646e-72
0.27156690952688367 1.132113606427234e-72
0.27182514064373325 5.819807919902106e-73
0.27208337176058284 2.9877763722620145e-73
0.2723416028774324 1.5318220682077008e-73
0.272599833994282 7.843128879258337e-74
0.2728580651111316 4.010432186460525e-74
0.27311629622798117 2.0479238270935525e-74
0.27337452734483075 1.0443768027205329e-74
0.27363275846168034 5.318895170647924e-75
0.2738909895785299 2.7052439917660446e-75
0.2741492206953795 1.3740807247851523e-75
0.27440745181222903 6.970097448172747e-76
0.2746656829290786 3.530906753348312e-76
0.2749239140459282 1.7863001853553702e-76
0.2751821451627778 9.024921523089769e-77
0.27544037627962736 4.553582623577458e-77
0.27569860739647695 2.2944775051470634e-77
0.27595683851332653 1.1546096515837613e-77
0.2762150696301761 5.802395917731698e-78
0.2764733007470257 2.9120600771019415e-78
0.2767315318638753 1.4595336024032204e-78
0.27698976298072486 7.305478413945322e-79
0.27724799409757445 3.65177508944436e-79
0.27750622521442403 1.8229727541090022e-79
0.2777644563312736 9.088184392583554e-80
0.2780226874481232 4.524753016895548e-80
0.2782809185649728 2.2497456601137612e-80
0.27853914968182236 1.1171018300405431e-80
0.27879738079867195 5.539529761285498e-81
0.27905561191552153 2.7433033434746154e-81
0.2793138430323711 1.3567366651598677e-81
0.2795720741492207 6.700976375968106e-82
0.2798303052660703 3.30522788490925e-82
0.28008853638291986 1.628116679139143e-82
0.28034676749976944 8.009223978506781e-83
0.280604998616619 3.9347409804687685e-83
0.28086322973346856 1.9304682099924725e-83
0.28112146085031814 9.458667437715192e-84
0.2813796919671677 4.6282632609742625e-84
0.2816379230840173 2.2616580793174636e-84
0.2818961542008669 1.1037142215982577e-84
0.28215438531771647 5.379069120617968e-85
0.28241261643456606 2.6180528391495207e-85
0.28267084755141564 1.2725371978541837e-85
0.2829290786682652 6.177081920054926e-86
0.2831873097851148 2.994449766009346e-86
0.2834455409019644 1.4496778355921921e-86
0.28370377201881397 7.008849945299599e-87
0.28396200313566355 3.384097144290171e-87
0.28422023425251314 1.6317727522863634e-87
0.2844784653693627 7.857734099505822e-88
0.2847366964862123 3.7788162667231364e-88
0.2849949276030619 1.8148261149715482e-88
0.28525315871991147 8.704324234025045e-89
0.28551138983676105 4.169230403451297e-89
0.2857696209536106 1.9943323241941664e-89
0.28602785207046016 9.527083173901183e-90
0.28628608318730975 4.5450972617178776e-90
0.28654431430415933 2.1654452207940136e-90
0.2868025454210089 1.0303197353389157e-90
0.2870607765378585 4.895731951474361e-91
0.2873190076547081 2.3231863138592622e-91
0.28757723877155766 1.1009592526816987e-91
0.28783546988840725 5.2104981615243625e-92
0.28809370100525683 2.462680346025934e-92
0.2883519321221064 1.1624054512232607e-92
0.288610163238956 5.479337197227149e-93
0.2888683943558056 2.5794030762993277e-93
0.28912662547265516 1.2126380613153027e-93
0.28938485658950475 5.693298748818314e-94
0.28964308770635433 2.6694239195990815e-94
0.2899013188232039 1.2499479195184745e-94
0.2901595499400535 5.8450345751187545e-95
0.2904177810569031 2.7296253769737536e-95
0.2906760121737526 1.2730334223529772e-95
0.2909342432906022 5.929217212271783e-96
0.2911924744074518 2.7578821991145964e-96
0.29145070552430136 1.28107589294889e-96
0.29170893664115094 5.942850457395295e-97
0.2919671677580005 2.753185929907579e-97
0.2922253988748501 1.273787776360373e-97
0.2924836299916997 5.885446396693515e-98
0.2927418611085493 2.7157046529206115e-98
0.29300009222539886 1.2514297071463792e-98
0.29325832334224844 5.759054392589173e-99
0.293516554459098 2.64677300484566e-99
0.2937747855759476 1.21479503659615e-99
0.2940330166927972 5.568139628457999e-100
0.29429124780964677 2.548813283287283e-100
0.29454947892649636 1.1651631004766861e-100
0.29480771004334594 5.319321248313588e-101
0.2950659411601955 2.425194151854342e-101
0.2953241722770451 1.1042250658866653e-101
0.29558240339389463 5.020991505243347e-102
0.2958406345107442 2.2800384346284982e-102
0.2960988656275938 1.0339883497280678e-102
0.2963570967444434 4.682846466387961e-103
0.29661532786129297 2.1179952842845514e-103
0.29687355897814255 9.566671351597839e-104
0.29713179009499213 4.315364819402577e-104
0.2973900212118417 1.9439942447205657e-104
0.2976482523286913 8.745672879961767e-105
0.2979064834455409 3.929273683350511e-105
0.29816471456239046 1.762999243942512e-105
0.29842294567924005 7.8997394706671905e-106
0.29868117679608963 3.535038984053357e-106
0.2989394079129392 1.5797793855485656e-106
0.2991976390297888 7.050492801277502e-107
0.2994558701466384 3.142413274427382e-107
0.29971410126348796 1.398710786341789e-107
0.29997233238033755 6.217464918275753e-108
0.30023056349718713 2.7600665834425675e-108
0.30048879461403666 1.2236200109130385e-108
0.30074702573088624 5.417443349924263e-109
0.3010052568477358 2.39531692179165e-109
0.3012634879645854 1.0576753495492734e-109
0.301521719081435 4.6640433565342725e-110
0.3017799501982846 2.053967518182059e-110
0.30203818131513416 9.033277665375751e-111
0.30229641243198374 3.967509217833653e-111
0.3025546435488333 1.7402487288307583e-111
0.3028128746656829 7.622992668743884e-112
0.3030711057825325 3.334728453292236e-112
0.3033293368993821 1.4568547163975608e-112
0.30358756801623166 6.35613056272221e-113
0.30384579913308124 2.7694285880166366e-113
0.3041040302499308 1.2050590497727064e-113
0.3043622613667804 5.236574447689645e-114
0.30462049248363 2.2725164312355842e-114
0.3048787236004796 9.848896600145342e-115
0.30513695471732916 4.262740743979074e-115
0.30539518583417874 1.8425151107476287e-115
0.30565341695102827 7.9534213835276e-116
0.30591164806787785 3.428607123067896e-116
0.30616987918472743 1.4760540124029312e-116
0.306428110301577 6.346109660214355e-117
0.3066863414184266 2.724794106404876e-117
0.3069445725352762 1.1683705625426615e-117
0.30720280365212577 5.0032052242445554e-118
0.30746103476897535 2.1396208663369764e-118
0.30771926588582493 9.137894254828753e-119
0.3079774970026745 3.897411188226116e-119
0.3082357281195241 1.6600727594873664e-119
0.3084939592363737 7.061530105273987e-120
0.30875219035322327 2.999793107183204e-120
0.30901042147007285 1.2726371212774348e-120
0.30926865258692243 5.39186074382383e-121
0.309526883703772 2.2813585332914715e-121
0.3097851148206216 9.639826464707897e-122
0.3100433459374712 4.067857064867418e-122
0.31030157705432077 1.7142847001325286e-122
0.3105598081711703 7.214745399802925e-123
0.3108180392880199 3.032353769684924e-123
0.31107627040486946 1.2727981048570416e-123
0.31133450152171904 5.3353138170530996e-124
0.3115927326385686 2.233475611643518e-124
0.3118509637554182 9.337341784995388e-125
0.3121091948722678 3.8983972648949686e-125
0.3123674259891174 1.6254354505184408e-125
0.31262565710596696 6.768215174477781e-126
0.31288388822281654 2.814487883297983e-126
0.3131421193396661 1.1688140014433869e-126
0.3134003504565157 4.8474375611179165e-127
0.3136585815733653 2.007704711377803e-127
0.3139168126902149 8.304399787585482e-128
0.31417504380706446 3.4303422734129594e-128
0.31443327492391404 1.4151010660243676e-128
0.3146915060407636 5.829861764553766e-129
0.3149497371576132 2.3985559423287186e-129
0.3152079682744628 9.855127409282044e-130
0.3154661993913123 4.043853657998332e-130
0.3157244305081619 1.6571026586047646e-130
0.3159826616250115 6.781475446694659e-131
0.31624089274186107 2.7715311836440907e-131
0.31649912385871065 1.1311915212030165e-131
0.31675735497556023 4.610768412272209e-132
0.3170155860924098 1.8768573839995732e-132
0.3172738172092594 7.629745180483448e-133
0.317532048326109 3.0974876960244973e-133
0.31779027944295857 1.255827365427969e-133
0.31804851055980815 5.084767399097812e-134
0.31830674167665773 2.0560469890230184e-134
0.3185649727935073 8.302631765570062e-135
0.3188232039103569 3.3482610729373e-135
0.3190814350272065 1.3484773213860715e-135
0.31933966614405607 5.423614038603007e-136
0.31959789726090565 2.178485640470784e-136
0.31985612837775523 8.738591201582747e-137
0.3201143594946048 3.500652009530354e-137
0.3203725906114544 1.4004811078433552e-137
0.3206308217283039 5.595338494016781e-138
0.3208890528451535 2.2325246907347672e-138
0.3211472839620031 8.895840200402069e-139
0.3214055150788527 3.539960949782577e-139
0.32166374619570226 1.4067948368079072e-139
0.32192197731255184 5.583208626136111e-140
0.3221802084294014 2.2128793854304975e-140
0.322438439546251 8.758957637764851e-141
0.3226966706631006 3.46232558423981e-141
0.3229549017799502 1.3667975134175024e-141
0.32321313289679976 5.388417665704467e-142
0.32347136401364934 2.1214808636893642e-142
0.3237295951304989 8.341377614912127e-143
0.3239878262473485 3.275346431551716e-143
0.3242460573641981 1.284391721346046e-143
0.3245042884810477 5.0298907189549583e-144
0.32476251959789726 1.967163227995091e-144
0.32502075071474684 7.683215981860878e-145
0.3252789818315964 2.996860185980812e-145
0.32553721294844595 1.1673758872692249e-145
0.32579544406529554 4.541253557296224e-146
0.3260536751821451 1.76425590526494e-146
0.3263119062989947 6.844917287751656e-147
0.3265701374158443 2.6521349916846917e-147
0.32682836853269387 1.0262279591524432e-147
0.32708659964954345 3.965636067948603e-148
0.32734483076639304 1.5303919240482997e-148
0.3276030618832426 5.8981154706266045e-149
0.3278612930000922 2.2700983464074164e-149
0.3281195241169418 8.725631542782303e-150
0.32837775523379137 3.349421964505729e-150
0.32863598635064095 1.283995950299223e-150
0.32889421746749053 4.915619293334754e-151
0.3291524485843401 1.8793757657350267e-151
0.3294106797011897 7.175791325722125e-152
0.3296689108180393 2.7361933013336406e-152
0.32992714193488887 1.0419444027440694e-152
0.33018537305173845 3.96244377447187e-153
0.330443604168588 1.504882097478198e-153
0.33070183528543756 5.707719667950905e-154
0.33096006640228715 2.161939766572075e-154
0.33121829751913673 8.17796676581118e-155
0.3314765286359863 3.0893555157325345e-155
0.3317347597528359 1.1654971942037401e-155
0.3319929908696855 4.391120671850079e-156
0.33225122198653506 1.6521912123352774e-156
0.33250945310338464 6.208204866242467e-157
0.33276768422023423 2.3296601343228548e-157
0.3330259153370838 8.730515590972959e-158
0.3332841464539334 3.2674429434857716e-158
0.333542377570783 1.2212284948611706e-158
0.33380060868763256 4.558339226438989e-159
0.33405883980448214 1.6991712473425826e-159
0.3343170709213317 6.325406716837256e-160
0.3345753020381813 2.3515843239134745e-160
0.3348335331550309 8.73078821594406e-161
0.3350917642718805 3.23718222369982e-161
0.33534999538873006 1.1986755208020665e-161
0.3356082265055796 4.432583462999389e-162
0.33586645762242917 1.6369409135394255e-162
0.33612468873927875 6.037121013965406e-163
0.33638291985612834 2.2235533567473803e-163
0.3366411509729779 8.178732901861394e-164
0.3368993820898275 3.0043137925312774e-164
0.3371576132066771 1.1021110428832556e-164
0.33741584432352667 4.037627153431897e-165
0.33767407544037625 1.4772291434051874e-165
0.33793230655722584 5.397471001809629e-166
0.3381905376740754 1.9694890230345264e-166
0.338448768790925 7.176911776207878e-167
0.3387069999077746 2.611815210312436e-167
0.33896523102462417 9.492226267107334e-168
0.33922346214147375 3.445200593638828e-168
0.33948169325832334 1.2487679413639195e-168
0.3397399243751729 4.5203260817861784e-169
0.3399981554920225 1.6340998281913307e-169
0.3402563866088721 5.899404841146876e-170
0.3405146177257216 2.126956521461508e-170
0.3407728488425712 7.658254953013474e-171
0.3410310799594208 2.7537329727112363e-171
0.34128931107627036 9.888595797826318e-172
0.34154754219311995 3.5462407972608135e-172
0.34180577330996953 1.2700552512201295e-172
0.3420640044268191 4.542529990956316e-173
0.3423222355436687 1.6225339332068512e-173
0.3425804666605183 5.787760737795299e-174
0.34283869777736786 2.0618076496510862e-174
0.34309692889421745 7.33510812331017e-175
0.34335516001106703 2.60606767531761e-175
0.3436133911279166 9.246676312497689e-176
0.3438716222447662 3.2764716671855e-176
0.3441298533616158 1.1594391870545763e-176
0.34438808447846536 4.097418544727538e-177
0.34464631559531494 1.4460838598048393e-177
0.34490454671216453 5.096798040676873e-178
0.3451627778290141 1.793998879796857e-178
0.34542100894586364 6.306199504307472e-179
0.3456792400627132 2.2137778650028365e-179
0.3459374711795628 7.761062333788007e-180
0.3461957022964124 2.7172468781357845e-180
0.34645393341326197 9.50074849452276e-181
0.34671216453011156 3.3174725704682706e-181
0.34697039564696114 1.1568516118958906e-181
0.3472286267638107 4.0287356118879577e-182
0.3474868578806603 1.4011372367751483e-182
0.3477450889975099 4.866462473816381e-183
0.34800332011435947 1.68797837558098e-183
0.34826155123120905 5.847108794441495e-184
0.34851978234805864 2.0227223198563568e-184
0.3487780134649082 6.987988071677174e-185
0.3490362445817578 2.4109535284427857e-185
0.3492944756986074 8.307040347691041e-186
0.34955270681545697 2.8584104866606e-186
0.34981093793230655 9.822536906223271e-187
0.35006916904915614 3.3708819079782585e-187
0.3503274001660057 1.1552718818675089e-187
0.35058563128285525 3.95408193492092e-188
0.35084386239970483 1.3515369442749428e-188
0.3511020935165544 4.613504781575086e-189
0.351360324633404 1.5727323666784536e-189
0.3516185557502536 5.354260170522844e-190
0.35187678686710316 1.8203919742435916e-190
0.35213501798395275 6.180891927762279e-191
0.35239324910080233 2.095840286404907e-191
0.3526514802176519 7.097183175671745e-192
0.3529097113345015 2.4001293110397998e-192
0.3531679424513511 8.105952661848621e-193
0.35342617356820066 2.7339733808257725e-193
0.35368440468505025 9.20884782783152e-194
0.35394263580189983 3.097683962931091e-194
0.3542008669187494 1.0406141196702962e-194
0.354459098035599 3.4911066595773206e-195
0.3547173291524486 1.1696537478743124e-195
0.35497556026929816 3.913562844257319e-196
0.35523379138614775 1.3076999395553943e-196
0.3554920225029973 4.3637985265658917e-197
0.35575025361984686 1.4542600544410646e-197
0.35600848473669644 4.839943089432323e-198
0.356266715853546 1.6086413612762174e-198
0.3565249469703956 5.339480480917491e-199
0.3567831780872452 1.7699441866195585e-199
0.3570414092040948 5.859235257787528e-200
0.35729964032094436 1.9370601046074687e-200
0.35755787143779394 6.3953755647462754e-201
0.3578161025546435 2.108675761936362e-201
0.3580743336714931 6.9434346927697285e-202
0.3583325647883427 2.2832827738267764e-202
0.35859079590519227 7.4983523011758e-203
0.35884902702204186 2.459193933056845e-203
0.35910725813889144 8.054535726892689e-204
0.359365489255741 2.6345657515237322e-204
0.3596237203725906 8.60594106422024e-205
0.3598819514894402 2.80742711065507e-205
0.36014018260628977 9.146172908995377e-206
0.3603984137231393 2.975713543653049e-206
0.3606566448399889 9.668600857498026e-207
0.36091487595683847 3.137306420743226e-207
0.36117310707368805 1.0166490071348427e-207
0.36143133819053763 3.290076070858097e-208
0.3616895693073872 1.0633142505171334e-208
0.3619478004242368 3.4319276621428295e-209
0.3622060315410864 1.1062044783122104e-209
0.36246426265793596 3.560848491415315e-210
0.36272249377478555 1.1447018239957956e-210
0.36298072489163513 3.6749552098152623e-211
0.3632389560084847 1.1782366342344974e-211
0.3634971871253343 3.772539446911057e-212
0.3637554182421839 1.2063014599788397e-212
0.36401364935903346 3.852110294308155e-213
0.36427188047588305 1.2284638175186943e-213
0.36453011159273263 3.912432174903722e-214
0.3647883427095822 1.2443772715534832e-214
0.3650465738264318 3.95255675456915e-215
0.3653048049432814 1.2537904435394068e-215
0.3655630360601309 3.971847744733843e-216
0.3658212671769805 1.2565536179996403e-216
0.3660794982938301 3.969997689387625e-217
0.36633772941067966 1.2526227041697176e-217
0.36659596052752924 3.9470361175725847e-218
0.3668541916443788 1.2420604064829559e-218
0.3671124227612284 3.903328759241792e-219
0.367370653878078 1.2250345604615555e-219
0.3676288849949276 3.83956785360152e-220
0.36788711611177716 1.2018136957404702e-220
0.36814534722862674 3.7567539088458663e-221
0.3684035783454763 1.1727599901462514e-221
0.3686618094623259 3.6561695849615077e-222
0.3689200405791755 1.1383198731922587e-222
0.3691782716960251 3.539346652292872e-223
0.36943650281287466 1.0990126196255673e-223
0.36969473392972424 3.408027214974421e-224
0.3699529650465738 1.055417340090362e-224
0.3702111961634234 3.2641205698430356e-225
0.37046942728027293 1.0081588237703666e-225
0.3707276583971225 3.1096571908504393e-226
0.3709858895139721 9.578927152842362e-227
0.3712441206308217 2.946741382463887e-227
0.37150235174767127 9.052905145112563e-228
0.37176058286452085 2.777504132916823e-228
0.37201881398137043 8.510248738721421e-229
0.37227704509822 2.6040576225644433e-229
0.3725352762150696 7.957556344396756e-230
0.3727935073319192 2.4284527104136605e-230
0.37305173844876877 7.401169925115131e-231
0.37330996956561835 2.2526405420440823e-231
0.37356820068246793 6.847061251309336e-232
0.3738264317993175 2.078439205533814e-232
0.3740846629161671 6.3007353017354795e-233
0.3743428940330167 1.9075061208921497e-233
0.37460112514986627 5.767152579954467e-234
0.37485935626671585 1.7413165955264888e-234
0.37511758738356543 5.250671312552294e-235
0.37537581850041496 1.581148725912589e-235
0.37563404961726454 4.755009712066466e-236
0.3758922807341141 1.4280745853699163e-236
0.3761505118509637 4.2832277592280874e-237
0.3764087429678133 1.2829574197458199e-237
0.3766669740846629 3.837727314350549e-238
0.37692520520151246 1.1464543848712651e-238
0.37718343631836204 3.420268828612601e-239
0.3774416674352116 1.0190242078051422e-239
0.3776998985520612 3.032002507343062e-240
0.3779581296689108 9.009390415500763e-241
0.3782163607857604 2.6735114865932322e-241
0.37847459190260996 7.922997113200748e-242
0.37873282301945954 2.3448644214262854e-242
0.3789910541363091 6.930535185615472e-243
0.3792492852531587 2.0456748432779226e-243
0.3795075163700083 6.030137738958881e-244
0.3797657474868579 1.7751647127913358e-244
0.38002397860370746 5.218802675951748e-245
0.38028220972055704 1.532229757870881e-245
0.38054044083740657 4.4925995059844166e-246
0.38079867195425615 1.315504425761062e-246
0.38105690307110573 3.8468718426574584e-247
0.3813151341879553 1.1234245725708116e-247
0.3815733653048049 3.2764301661085488e-248
0.3818315964216545 9.542863435999347e-249
0.38208982753850407 2.775730503336981e-249
0.38234805865535365 8.063000436625076e-250
0.38260628977220323 2.3390357774241907e-250
0.3828645208890528 6.7763814089687384e-251
0.3831227520059024 1.9605576444689566e-251
0.383380983122752 5.664768752944685e-252
0.38363921423960157 1.634577632491191e-252
0.38389744535645115 4.710312424118463e-253
0.38415567647330073 1.3555472867051763e-253
0.3844139075901503 3.8958338466704285e-254
0.3846721387069999 1.1181677875970859e-254
0.3849303698238495 3.20504641630744e-255
0.38518860094069907 9.17450129277173e-256
0.3854468320575486 2.6227168417037632e-256
0.3857050631743982 7.487574215481236e-257
0.38596329429124776 2.1347728518626262e-257
0.38622152540809734 6.078312136994594e-258
0.3864797565249469 1.7283636418758283e-258
0.3867379876417965 4.908039410641604e-259
0.3869962187586461 1.3918798799622574e-259
0.3872544498754957 3.941996812859988e-260
0.38751268099234526 1.1149402055862495e-260
0.38777091210919484 3.1492539356893606e-261
0.3880291432260444 8.883509701315656e-262
0.388287374342894 2.5025471994437875e-262
0.3885456054597436 7.04045569260756e-263
0.3888038365765932 1.9780627212826718e-263
0.38906206769344276 5.550091499102215e-264
0.38932029881029234 1.5551812939166997e-264
0.3895785299271419 4.3519380124049655e-265
0.3898367610439915 1.2162004895240692e-265
0.3900949921608411 3.3942860801729686e-266
0.3903532232776906 9.460465547552623e-267
0.3906114543945402 2.633281996758096e-267
0.3908696855113898 7.319864260529294e-268
0.39112791662823937 2.032027033294428e-268
0.39138614774508895 5.633479667883633e-269
0.39164437886193854 1.5597133062685387e-269
0.3919026099787881 4.3125447969730384e-270
0.3921608410956377 1.190812151375632e-270
0.3924190722124873 3.283777267550649e-271
0.39267730332933687 9.043258028453991e-272
0.39293553444618645 2.4871211992602024e-272
0.39319376556303604 6.831086301334305e-273
0.3934519966798856 1.873714385075978e-273
0.3937102277967352 5.132604567305871e-274
0.3939684589135848 1.404083763428893e-274
0.39422669003043437 3.8359154374056847e-275
0.39448492114728395 1.0465640876701401e-275
0.39474315226413353 2.8515659986061083e-276
0.3950013833809831 7.759287134842024e-277
0.3952596144978327 2.108535975225404e-277
0.39551784561468223 5.722173255513701e-278
0.3957760767315318 1.550821407320662e-278
0.3960343078483814 4.197429085351391e-279
0.396292538965231 1.1345554959532302e-279
0.39655077008208056 3.0625903971634663e-280
0.39680900119893014 8.256060847898596e-281
0.39706723231577973 2.222683624399495e-281
0.3973254634326293 5.975898477017548e-282
0.3975836945494789 1.6045363777480957e-282
0.3978419256663285 4.30245880692519e-283
0.39810015678317806 1.1521384494341306e-283
0.39835838790002764 3.0811540724982185e-284
0.3986166190168772 8.228922217078895e-285
0.3988748501337268 2.194791627982142e-285
0.3991330812505764 5.846075620010359e-286
0.399391312367426 1.5550929721226147e-286
0.39964954348427556 4.1311321214826964e-287
0.39990777460112514 1.0959799444371233e-287
0.4001660057179747 2.9037346387352184e-288
0.40042423683482425 7.683021345831664e-289
0.40068246795167384 2.0301491723564446e-289
0.4009406990685234 5.35728384412534e-290
0.401198930185373 1.4118292003482358e-290
0.4014571613022226 3.715698430447059e-291
0.40171539241907217 9.76606373274418e-292
0.40197362353592175 2.5634180935353407e-292
0.40223185465277134 6.719549117017025e-293
0.4024900857696209 1.7590639013368678e-293
0.4027483168864705 4.598793363611154e-294
0.4030065480033201 1.2006791573452046e-294
0.40326477912016967 3.1306235196682286e-295
0.40352301023701925 8.151837461207351e-296
0.40378124135386884 2.1198297162745982e-296
0.4040394724707184 5.5051256547799446e-297
0.404297703587568 1.4277569821109016e-297
0.4045559347044176 3.6979594554551883e-298
0.40481416582126717 9.565128172432372e-299
0.40507239693811675 2.4708150543413586e-299
0.4053306280549663 6.373976819704799e-300
0.40558885917181586 1.6421072435817196e-300
0.40584709028866545 4.224869998954694e-301
0.40610532140551503 1.0855403710550452e-301
0.4063635525223646 2.7854758976362505e-302
0.4066217836392142 7.137952055475256e-303
0.4068800147560638 1.8267059538739605e-303
0.40713824587291336 4.6685762695578e-304
0.40739647698976295 1.1915741366415513e-304
0.40765470810661253 3.037235548676559e-305
0.4079129392234621 7.731373895683149e-306
0.4081711703403117 1.9654213754824893e-306
0.4084294014571613 4.9897118870057704e-307
0.40868763257401086 1.2650743789923728e-307
0.40894586369086044 3.203151256592041e-308
0.40920409480771003 8.099526487066537e-309
0.4094623259245596 2.04532632941886e-309
0.4097205570414092 5.15805993559673e-310
0.4099787881582588 1.2990652201585e-310
0.41023701927510836 3.267354997341e-311
0.4104952503919579 8.20696321075e-312
0.41075348150880747 2.058682848705e-312
0.41101171262565706 5.1572383347e-313
0.41126994374250664 1.2902258956e-313
0.4115281748593562 3.223555132e-314
0.4117864059762058 8.04313293e-315
0.4120446370930554 2.00417752e-315
0.41230286820990497 4.98732792e-316
0.41256109932675455 1.2394256e-316
0.41281933044360414 3.0760527e-317
0.4130775615604537 7.62409e-318
0.4133357926773033 1.887133e-318
0.4135940237941529 4.66487e-319
0.41385225491100247 1.15157e-319
0.41411048602785205 2.839e-320
0.41436871714470164 6.99e-321
0.4146269482615512 1.72e-321
0.4148851793784008 4.2e-322
0.4151434104952504 1.04e-322
0.4154016416120999 2.5e-323
0.4156598727289495 5e-324
0.4159181038457991 0.0
0.41617633496264866 0.0
0.41643456607949825 0.0
0.41669279719634783 0.0
0.4169510283131974 0.0
0.417209259430047 0.0
0.4174674905468966 0.0
0.41772572166374616 0.0
0.41798395278059575 0.0
0.41824218389744533 0.0
0.4185004150142949 0.0
0.4187586461311445 0.0
0.4190168772479941 0.0
0.41927510836484366 0.0
0.41953333948169325 0.0
0.41979157059854283 0.0
0.4200498017153924 0.0
0.42030803283224194 0.0
0.4205662639490915 0.0
0.4208244950659411 0.0
0.4210827261827907 0.0
0.4213409572996403 0.0
0.42159918841648986 0.0
0.42185741953333944 0.0
0.422115650650189 0.0
0.4223738817670386 0.0
0.4226321128838882 0.0
0.4228903440007378 0.0
0.42314857511758736 0.0
0.42340680623443694 0.0
0.4236650373512865 0.0
0.4239232684681361 0.0
0.4241814995849857 0.0
0.42443973070183527 0.0
0.42469796181868485 0.0
0.42495619293553444 0.0
0.42521442405238397 0.0
0.42547265516923355 0.0
0.42573088628608313 0.0
0.4259891174029327 0.0
0.4262473485197823 0.0
0.4265055796366319 0.0
0.42676381075348147 0.0
0.42702204187033105 0.0
0.42728027298718063 0.0
0.4275385041040302 0.0
0.4277967352208798 0.0
0.4280549663377294 0.0
0.42831319745457896 0.0
0.42857142857142855 0.0
