0.01 0.007482040816326531
0.010187217559715946 0.007667730069432551
0.010374435119431891 0.007853419322538571
0.010561652679147838 0.00803910857564459
0.010748870238863784 0.00822479782875061
0.010936087798579729 0.00841048708185663
0.011123305358295674 0.008596176334962648
0.01131052291801162 0.008781865588068668
0.011497740477727567 0.008967554841174688
0.011684958037443512 0.009153244094280708
0.011872175597159458 0.009338933347386728
0.012059393156875403 0.009524622600492747
0.01224661071659135 0.009710311853598767
0.012433828276307296 0.009896001106704787
0.012621045836023241 0.010081690359810807
0.012808263395739186 0.010266053938683286
0.012995480955455132 0.010449450731874416
0.013182698515171079 0.010632847525065547
0.013369916074887024 0.010816244318256679
0.01355713363460297 0.010999641111447807
0.013744351194318915 0.011183037904638938
0.01393156875403486 0.011366434697830068
0.014118786313750808 0.0115498314910212
0.014306003873466751 0.011733228284212329
0.014493221433182699 0.01191662507740346
0.014680438992898644 0.012100021870594592
0.01486765655261459 0.012283418663785722
0.015054874112330537 0.012466815456976853
0.01524209167204648 0.012650212250167981
0.015429309231762427 0.012833609043359112
0.015616526791478373 0.013017005836550244
0.015803744351194318 0.013200402629741374
0.015990961910910265 0.013383799422932505
0.01617817947062621 0.013567196216123635
0.016365397030342156 0.013750593009314766
0.0165526145900581 0.013933989802505896
0.016739832149774047 0.014117386595697027
0.016927049709489994 0.014300783388888159
0.017114267269205938 0.014484180182079288
0.017301484828921885 0.01466757697527042
0.017488702388637832 0.014850973768461551
0.017675919948353776 0.014905151710781151
0.017863137508069723 0.014769896575802691
0.01805035506778567 0.014634641440824232
0.018237572627501614 0.014499386305845775
0.018424790187217557 0.014364131170867317
0.018612007746933504 0.014228876035888858
0.01879922530664945 0.014093620900910398
0.018986442866365395 0.013958365765931941
0.019173660426081342 0.013823110630953482
0.01936087798579729 0.013687855495975022
0.019548095545513233 0.013552600360996564
0.01973531310522918 0.013417345226018104
0.019922530664945128 0.013282090091039643
0.02010974822466107 0.013146834956061185
0.020296965784377015 0.013011579821082728
0.020484183344092962 0.012876324686104269
0.02067140090380891 0.012741069551125809
0.020858618463524853 0.012605814416147353
0.0210458360232408 0.012470559281168893
0.021233053582956747 0.012335304146190433
0.02142027114267269 0.012200049011211975
0.021607488702388638 0.012064793876233514
0.021794706262104585 0.011929538741255054
0.02198192382182053 0.011794283606276598
0.022169141381536472 0.011659028471298141
0.02235635894125242 0.011523773336319681
0.022543576500968367 0.011427625887669464
0.02273079406068431 0.011460388960619754
0.022918011620400257 0.011493152033570046
0.023105229180116205 0.011525915106520337
0.02329244673983215 0.011558678179470627
0.023479664299548095 0.011591441252420918
0.023666881859264043 0.011624204325371208
0.023854099418979986 0.011656967398321498
0.02404131697869593 0.011689730471271788
0.024228534538411877 0.011722493544222078
0.024415752098127824 0.01175525661717237
0.024602969657843768 0.011788019690122659
0.024790187217559715 0.01182078276307295
0.024977404777275662 0.011853545836023242
0.025164622336991606 0.011886308908973532
0.025351839896707553 0.011919071981923823
0.0255390574564235 0.011951835054874113
0.025726275016139444 0.011984598127824403
0.025913492575855387 0.012017361200774693
0.026100710135571338 0.012050124273724984
0.026287927695287282 0.012082887346675274
0.026475145255003225 0.012115650419625566
0.026662362814719176 0.012148413492575857
0.02684958037443512 0.012181176565526147
0.027036797934151063 0.012213939638476437
0.027224015493867007 0.012246702711426726
0.027411233053582958 0.012230489189865747
0.0275984506132989 0.01218081922504315
0.027785668173014845 0.012131149260220552
0.027972885732730796 0.012081479295397953
0.02816010329244674 0.012031809330575356
0.028347320852162683 0.011982139365752759
0.028534538411878634 0.011932469400930158
0.028721755971594577 0.011882799436107563
0.02890897353131052 0.011833129471284965
0.029096191091026465 0.011783459506462368
0.029283408650742415 0.01173378954163977
0.02947062621045836 0.01168411957681717
0.029657843770174303 0.011634449611994573
0.029845061329890253 0.011584779647171974
0.030032278889606197 0.011535109682349377
0.03021949644932214 0.011485439717526781
0.03040671400903809 0.011435769752704182
0.030593931568754035 0.011386099787881583
0.03078114912846998 0.011336429823058986
0.030968366688185922 0.011286759858236389
0.031155584247901873 0.01123708989341379
0.031342801807617816 0.011187419928591192
0.03153001936733376 0.011137749963768595
0.03171723692704971 0.011088079998945996
0.031904454486765654 0.011038410034123399
0.0320916720464816 0.010988740069300802
0.03227888960619755 0.010936172118944414
0.03246610716591349 0.01087962477437715
0.032653324725629436 0.010823077429809886
0.03284054228534538 0.010766530085242622
0.03302775984506133 0.010709982740675354
0.033214977404777274 0.01065343539610809
0.03340219496449322 0.010596888051540826
0.03358941252420917 0.010540340706973558
0.03377663008392511 0.010483793362406294
0.033963847643641056 0.01042724601783903
0.034151065203357006 0.010370698673271762
0.03433828276307295 0.010314151328704496
0.034525500322788893 0.010257603984137234
0.03471271788250484 0.010201056639569968
0.03489993544222079 0.0101445092950027
0.03508715300193673 0.010087961950435438
0.035274370561652675 0.010031414605868172
0.035461588121368626 0.009974867261300905
0.03564880568108457 0.009918319916733642
0.03583602324080051 0.009861772572166376
0.036023240800516464 0.009805225227599109
0.03621045836023241 0.009748677883031845
0.03639767591994835 0.00969213053846458
0.036584893479664295 0.009635583193897316
0.036772111039380245 0.009579035849330049
0.03695932859909619 0.009522488504762784
0.03714654615881213 0.009444282947523752
0.03733376371852808 0.009300622126190696
0.03752098127824403 0.009156961304857646
0.03770819883795997 0.009013300483524595
0.03789541639767592 0.00886963966219154
0.038082633957391865 0.008725978840858488
0.03826985151710781 0.008582318019525439
0.03845706907682375 0.008438657198192387
0.0386442866365397 0.008294996376859333
0.038831504196255646 0.00815133555552628
0.03901872175597159 0.008007674734193232
0.03920593931568754 0.007864013912860174
0.039393156875403484 0.0077203530915271245
0.03958037443511943 0.007576692270194073
0.03976759199483538 0.0074330314488610175
0.03995480955455132 0.007289370627527967
0.040142027114267266 0.007145709806194916
0.04032924467398321 0.007002048984861866
0.04051646223369916 0.00685838816352881
0.040703679793415104 0.006714727342195759
0.04089089735313105 0.0065710665208627075
0.041078114912847 0.006427405699529653
0.04126533247256294 0.006283744878196601
0.04145255003227889 0.006140084056863546
0.041639767591994836 0.005996423235530495
0.04182698515171078 0.005852762414197445
0.042014202711426724 0.005729217269864689
0.042201420271142674 0.0058507176453538165
0.04238863783085862 0.005972218020842939
0.04257585539057456 0.0060937183963320615
0.04276307295029051 0.006215218771821188
0.042950290510006456 0.006336719147310312
0.0431375080697224 0.006458219522799434
0.04332472562943835 0.006579719898288561
0.043511943189154294 0.006701220273777684
0.04369916074887024 0.006822720649266808
0.04388637830858618 0.00694422102475593
0.04407359586830213 0.007065721400245056
0.044260813428018075 0.007187221775734179
0.04444803098773402 0.007308722151223301
0.04463524854744997 0.00743022252671243
0.04482246610716591 0.0075517229022015525
0.04500968366688186 0.007673223277690675
0.04519690122659781 0.007794723653179803
0.04538411878631375 0.007916224028668926
0.045571336346029695 0.008037724404158049
0.04575855390574564 0.008159224779647171
0.04594577146546159 0.008280725155136297
0.04613298902517753 0.008402225530625421
0.04632020658489348 0.008523725906114544
0.04650742414460943 0.00864522628160367
0.04669464170432537 0.008766726657092792
0.046881859264041315 0.008888227032581917
0.047069076823757265 0.008828918723073474
0.04725629438347321 0.008750210932662282
0.04744351194318915 0.00867150314225109
0.047630729502905096 0.008592795351839896
0.04781794706262105 0.008514087561428702
0.04800516462233699 0.00843537977101751
0.048192382182052934 0.008356671980606316
0.048379599741768885 0.00827796419019512
0.04856681730148483 0.008199256399783928
0.04875403486120077 0.008120548609372736
0.04894125242091672 0.00804184081896154
0.049128469980632666 0.007963133028550347
0.04931568754034861 0.007884425238139155
0.049502905100064554 0.0078057174477279626
0.049690122659780504 0.007727009657316767
0.04987734021949645 0.007648301866905575
0.05006455777921239 0.007569594076494383
0.05025177533892834 0.007490886286083186
0.050438992898644286 0.007412178495671994
0.05062621045836023 0.007333470705260802
0.05081342801807618 0.0072547629148496055
0.051000645577792124 0.007176055124438413
0.05118786313750807 0.007097347334027221
0.05137508069722401 0.007018639543616027
0.05156229825693996 0.006939931753204833
0.051749515816655905 0.00686122396279364
0.05193673337637185 0.006836581665590704
0.0521239509360878 0.006831901226597806
0.05231116849580374 0.006827220787604907
0.05249838605551969 0.006822540348612008
0.05268560361523564 0.006817859909619109
0.05287282117495158 0.006813179470626211
0.053060038734667525 0.006808499031633313
0.05324725629438347 0.006803818592640414
0.05343447385409942 0.0067991381536475146
0.05362169141381536 0.006794457714654616
0.05380890897353131 0.006789777275661717
0.05399612653324726 0.006785096836668819
0.0541833440929632 0.006780416397675921
0.054370561652679145 0.006775735958683022
0.054557779212395095 0.006771055519690122
0.05474499677211104 0.006766375080697224
0.05493221433182698 0.006761694641704326
0.055119431891542926 0.006757014202711427
0.05530664945125888 0.006752333763718529
0.05549386701097482 0.006747653324725629
0.055681084570690764 0.00674297288573273
0.055868302130406715 0.006738292446739832
0.05605551969012266 0.006733612007746934
0.0562427372498386 0.006728931568754035
0.05642995480955455 0.006724251129761136
0.056617172369270496 0.006721892465184912
0.05680438992898644 0.006742524604418914
0.056991607488702384 0.0067631567436529155
0.057178825048418334 0.006783788882886919
0.05736604260813428 0.00680442102212092
0.05755326016785022 0.0068250531613549235
0.05774047772756617 0.006845685300588925
0.057927695287282116 0.006866317439822928
0.05811491284699806 0.00688694957905693
0.05830213040671401 0.006907581718290931
0.058489347966429954 0.006928213857524935
0.0586765655261459 0.006948845996758936
0.05886378308586185 0.0069694781359929394
0.05905100064557779 0.006990110275226941
0.059238218205293736 0.0070107424144609425
0.05942543576500968 0.007031374553694944
0.05961265332472563 0.007052006692928947
0.059799870884441574 0.007072638832162949
0.05998708844415752 0.007093270971396951
0.06017430600387347 0.007113903110630954
0.06036152356358941 0.007134535249864956
0.060548741123305355 0.0071551673890989575
0.060735958683021306 0.007175799528332961
0.06092317624273725 0.007196431667566962
0.06111039380245319 0.007217063806800964
0.06129761136216914 0.007237695946034967
0.06148482892188509 0.007258328085268969
0.06167204648160103 0.007332329745326148
0.061859264041316975 0.0074110375357373404
0.062046481601032925 0.007489745326148537
0.06223369916074887 0.007568453116559729
0.06242091672046481 0.007647160906970922
0.06260813428018076 0.007725868697382118
0.06279535183989671 0.00780457648779331
0.06298256939961265 0.007883284278204504
0.0631697869593286 0.007961992068615696
0.06335700451904454 0.008040699859026888
0.06354422207876048 0.00811940764943808
0.06373143963847643 0.008198115439849272
0.06391865719819238 0.008276823230260471
0.06410587475790833 0.008355531020671663
0.06429309231762427 0.008434238811082856
0.06448030987734021 0.00851294660149405
0.06466752743705616 0.008591654391905242
0.0648547449967721 0.008670362182316435
0.06504196255648804 0.008749069972727628
0.065229180116204 0.008827777763138827
0.06541639767591995 0.008906485553550019
0.06560361523563589 0.008985193343961211
0.06579083279535183 0.009063901134372405
0.06597805035506778 0.009142608924783597
0.06616526791478372 0.009221316715194789
0.06635248547449968 0.009300024505605988
0.06653970303421562 0.009789858368137437
0.06672692059393157 0.01041952069142698
0.06691413815364751 0.01104918301471652
0.06710135571336345 0.01167884533800606
0.0672885732730794 0.012308507661295601
0.06747579083279534 0.012938169984585144
0.0676630083925113 0.013567832307874731
0.06785022595222724 0.014197494631164272
0.06803744351194319 0.014827156954453814
0.06822466107165913 0.015456819277743353
0.06841187863137507 0.016086481601032893
0.06859909619109102 0.016716143924322437
0.06878631375080696 0.017345806247611974
0.06897353131052292 0.017975468570901564
0.06916074887023886 0.018605130894191104
0.0693479664299548 0.019234793217480645
0.06953518398967075 0.01986445554077019
0.06972240154938669 0.02049411786405973
0.06990961910910264 0.02112378018734927
0.0700968366688186 0.02175344251063886
0.07028405422853454 0.0223831048339284
0.07047127178825048 0.02301276715721794
0.07065848934796642 0.02364242948050748
0.07084570690768237 0.02427209180379702
0.07103292446739831 0.02490175412708656
0.07122014202711426 0.025531416450376106
0.07140735958683021 0.025992809053899155
0.07159457714654616 0.026329036508082895
0.0717817947062621 0.02666526396226663
0.07196901226597804 0.027001491416450363
0.07215622982569399 0.0273377188706341
0.07234344738540993 0.027673946324817834
0.07253066494512588 0.02801017377900157
0.07271788250484182 0.028346401233185305
0.07290510006455778 0.028682628687369063
0.07309231762427372 0.029018856141552796
0.07327953518398966 0.029355083595736534
0.07346675274370561 0.029691311049920267
0.07365397030342155 0.030027538504104
0.0738411878631375 0.03036376595828774
0.07402840542285344 0.03069999341247148
0.0742156229825694 0.031036220866655237
0.07440284054228534 0.03137244832083897
0.07459005810200128 0.031708675775022704
0.07477727566171723 0.03204490322920644
0.07496449322143317 0.03238113068339018
0.07515171078114911 0.03271735813757391
0.07533892834086506 0.033053585591757646
0.07552614590058102 0.03338981304594141
0.07571336346029696 0.03372604050012514
0.0759005810200129 0.03406226795430888
0.07608779857972885 0.034398495408492616
0.07627501613944479 0.03438873005625754
0.07646223369916073 0.033861464275833045
0.07664945125887669 0.033334198495408515
0.07683666881859263 0.03280693271498402
0.07702388637830858 0.03227966693455952
0.07721110393802452 0.03175240115413503
0.07739832149774047 0.031225135373710536
0.07758553905745641 0.030697869593286044
0.07777275661717235 0.030170603812861546
0.07795997417688831 0.029643338032437013
0.07814719173660425 0.029116072252012522
0.0783344092963202 0.028588806471588027
0.07852162685603614 0.02806154069116353
0.07870884441575209 0.027534274910739037
0.07889606197546803 0.027007009130314542
0.07908327953518397 0.026479743349890048
0.07927049709489993 0.025952477569465518
0.07945771465461587 0.02542521178904102
0.07964493221433182 0.02489794600861653
0.07983214977404776 0.024370680228192033
0.0800193673337637 0.02384341444776754
0.08020658489347965 0.023316148667343044
0.0803938024531956 0.02278888288691851
0.08058102001291155 0.02226161710649402
0.0807682375726275 0.02173435132606952
0.08095545513234344 0.02120708554564503
0.08114267269205938 0.020837338605551953
0.08132989025177532 0.021001153970303405
0.08151710781149127 0.021164969335054854
0.08170432537120723 0.021328784699806317
0.08189154293092317 0.02149260006455777
0.08207876049063911 0.021656415429309222
0.08226597805035506 0.02182023079406067
0.082453195610071 0.021984046158812123
0.08264041316978694 0.022147861523563572
0.0828276307295029 0.022311676888315035
0.08301484828921885 0.022475492253066484
0.08320206584893479 0.022639307617817937
0.08338928340865073 0.02280312298256939
0.08357650096836668 0.022966938347320838
0.08376371852808262 0.02313075371207229
0.08395093608779856 0.02329456907682374
0.08413815364751452 0.023458384441575206
0.08432537120723047 0.023622199806326655
0.08451258876694641 0.023786015171078104
0.08469980632666235 0.023949830535829553
0.0848870238863783 0.024113645900581005
0.08507424144609424 0.024277461265332458
0.08526145900581018 0.024441276630083907
0.08544867656552614 0.02460509199483537
0.08563589412524208 0.024768907359586822
0.08582311168495803 0.024932722724338274
0.08601032924467397 0.02541880080631343
0.08619754680438992 0.026129463379929052
0.08638476436410586 0.026840125953544677
0.08657198192382182 0.02755078852716035
0.08675919948353776 0.028261451100775978
0.0869464170432537 0.0289721136743916
0.08713363460296965 0.02968277624800722
0.08732085216268559 0.030393438821622844
0.08750806972240154 0.031104101395238466
0.08769528728211748 0.03181476396885409
0.08788250484183344 0.03252542654246976
0.08806972240154938 0.03323608911608538
0.08825693996126532 0.03394675168970101
0.08844415752098127 0.03465741426331663
0.08863137508069721 0.03536807683693225
0.08881859264041315 0.03607873941054787
0.0890058102001291 0.0367894019841635
0.08919302775984506 0.03750006455777918
0.089380245319561 0.0382107271313948
0.08956746287927694 0.03892138970501042
0.08975468043899289 0.03963205227862604
0.08994189799870883 0.04034271485224167
0.09012911555842477 0.04105337742585729
0.09031633311814073 0.041764039999472966
0.09050355067785668 0.04247470257308859
0.09069076823757262 0.04318536514670421
0.09087798579728856 0.04444988603575693
0.0910652033570045 0.04649017536000824
0.09125242091672045 0.048530464684259554
0.0914396384764364 0.05057075400851087
0.09162685603615235 0.05261104333276232
0.0918140735958683 0.054651332657013635
0.09200129115558424 0.05669162198126494
0.09218850871530018 0.05873191130551625
0.09237572627501613 0.06077220062976756
0.09256294383473207 0.06281248995401888
0.09275016139444801 0.06485277927827018
0.09293737895416397 0.06689306860252164
0.09312459651387991 0.06893335792677295
0.09331181407359586 0.07097364725102427
0.0934990316333118 0.07301393657527558
0.09368624919302775 0.07505422589952689
0.09387346675274369 0.07709451522377819
0.09406068431245965 0.07913480454802965
0.09424790187217559 0.08117509387228096
0.09443511943189153 0.08321538319653227
0.09462233699160748 0.08525567252078359
0.09480955455132342 0.0872959618450349
0.09499677211103937 0.0893362511692862
0.09518398967075531 0.09137654049353751
0.09537120723047127 0.09341682981778898
0.09555842479018721 0.09545711914204029
0.09574564234990315 0.09738190537674074
0.0959328599096191 0.09894841965191496
0.09612007746933504 0.10051493392708917
0.09630729502905098 0.10208144820226339
0.09649451258876693 0.10364796247743763
0.09668173014848289 0.10521447675261196
0.09686894770819883 0.10678099102778618
0.09705616526791477 0.1083475053029604
0.09724338282763072 0.10991401957813463
0.09743060038734666 0.11148053385330886
0.0976178179470626 0.11304704812848305
0.09780503550677856 0.11461356240365742
0.0979922530664945 0.11618007667883162
0.09817947062621045 0.11774659095400584
0.0983666881859264 0.11931310522918007
0.09855390574564234 0.12087961950435429
0.09874112330535828 0.12244613377952851
0.09892834086507422 0.12401264805470275
0.09911555842479018 0.12557916232987706
0.09930277598450613 0.1271456766050513
0.09948999354422207 0.12871219088022554
0.09967721110393801 0.13027870515539974
0.09986442866365396 0.13184521943057395
0.1000516462233699 0.1334117337057482
0.10023886378308584 0.1349782479809224
0.1004260813428018 0.13654476225609674
0.10061329890251774 0.13812430402761489
0.10080051646223369 0.13987421509598025
0.10098773402194963 0.14162412616434558
0.10117495158166558 0.14337403723271094
0.10136216914138152 0.1451239483010763
0.10154938670109748 0.14687385936944178
0.10173660426081342 0.14862377043780714
0.10192382182052936 0.15037368150617247
0.10211103938024531 0.15212359257453784
0.10229825693996125 0.1538735036429032
0.1024854744996772 0.15562341471126853
0.10267269205939314 0.1573733257796339
0.1028599096191091 0.15912323684799934
0.10304712717882504 0.16087314791636473
0.10323434473854098 0.16262305898473006
0.10342156229825693 0.16437297005309542
0.10360877985797287 0.16612288112146079
0.10379599741768882 0.16787279218982612
0.10398321497740476 0.16962270325819148
0.10417043253712072 0.17137261432655693
0.10435765009683666 0.17312252539492232
0.1045448676565526 0.17487243646328765
0.10473208521626855 0.176622347531653
0.10491930277598449 0.17837225860001837
0.10510652033570043 0.1801221696683837
0.10529373789541639 0.18187208073674918
0.10548095545513234 0.18362199180511452
0.10566817301484828 0.18387550625156457
0.10585539057456422 0.1839595631151105
0.10604260813428017 0.18404361997865643
0.10622982569399611 0.18412767684220235
0.10641704325371205 0.18421173370574828
0.10660426081342801 0.18429579056929424
0.10679147837314396 0.18437984743284017
0.1069786959328599 0.1844639042963861
0.10716591349257584 0.18454796115993202
0.10735313105229179 0.18463201802347795
0.10754034861200773 0.1847160748870239
0.10772756617172369 0.18480013175056983
0.10791478373143963 0.18488418861411576
0.10810200129115557 0.1849682454776617
0.10828921885087152 0.18505230234120762
0.10847643641058746 0.18513635920475358
0.1086636539703034 0.18522041606829953
0.10885087153001935 0.18530447293184546
0.10903808908973531 0.1853885297953914
0.10922530664945125 0.18547258665893732
0.1094125242091672 0.18555664352248324
0.10959974176888314 0.1856407003860292
0.10978695932859908 0.18572475724957513
0.10997417688831503 0.18580881411312106
0.11016139444803097 0.18589287097666699
0.11034861200774693 0.1859769278402129
0.11053582956746287 0.19058424790187198
0.11072304712717881 0.19690284054228507
0.11091026468689476 0.20322143318269817
0.1110974822466107 0.20954002582311126
0.11128469980632665 0.2158586184635244
0.1114719173660426 0.22217721110393793
0.11165913492575855 0.22849580374435102
0.11184635248547449 0.23481439638476412
0.11203357004519043 0.2411329890251772
0.11222078760490638 0.24745158166559034
0.11240800516462232 0.2537701743060034
0.11259522272433826 0.2600887669464165
0.11278244028405422 0.2664073595868301
0.11296965784377017 0.2727259522272432
0.11315687540348611 0.27904454486765634
0.11334409296320205 0.2853631375080694
0.113531310522918 0.29168173014848253
0.11371852808263394 0.2980003227888956
0.11390574564234988 0.30431891542930867
0.11409296320206584 0.3106375080697223
0.11428018076178179 0.31695610071013536
0.11446739832149773 0.3232746933505485
0.11465461588121367 0.3295932859909616
0.11484183344092962 0.33591187863137467
0.11502905100064556 0.3422304712717878
0.11521626856036152 0.34807304251590887
0.11540348612007746 0.3489136111513682
0.1155907036797934 0.34975417978682755
0.11577792123950935 0.3505947484222869
0.11596513879922529 0.3514353170577462
0.11615235635894124 0.35227588569320556
0.11633957391865718 0.3531164543286649
0.11652679147837314 0.35395702296412435
0.11671400903808908 0.3547975915995837
0.11690122659780502 0.355638160235043
0.11708844415752097 0.35647872887050236
0.11727566171723691 0.3573192975059617
0.11746287927695286 0.35815986614142103
0.1176500968366688 0.3590004347768804
0.11783731439638476 0.35984100341233977
0.1180245319561007 0.3606815720477991
0.11821174951581664 0.36152214068325844
0.11839896707553259 0.3623627093187178
0.11858618463524853 0.3632032779541771
0.11877340219496448 0.36404384658963646
0.11896061975468043 0.36488441522509585
0.11914783731439638 0.3657249838605552
0.11933505487411232 0.3665655524960145
0.11952227243382826 0.36740612113147386
0.11970948999354421 0.3682466897669332
0.11989670755326015 0.36908725840239254
0.1200839251129761 0.3699278270378519
0.12027114267269205 0.3708382498254305
0.120458360232408 0.37175523379138614
0.12064557779212394 0.37267221775734183
0.12083279535183988 0.3735892017232974
0.12102001291155583 0.3745061856892531
0.12120723047127177 0.3754231696552087
0.12139444803098771 0.37634015362116435
0.12158166559070367 0.3772571375871201
0.12176888315041962 0.3781741215530757
0.12195610071013556 0.37909110551903136
0.1221433182698515 0.380008089484987
0.12233053582956745 0.3809250734509426
0.12251775338928339 0.38184205741689825
0.12270497094899935 0.382759041382854
0.12289218850871529 0.3836760253488096
0.12307940606843124 0.38459300931476526
0.12326662362814718 0.3855099932807209
0.12345384118786312 0.3864269772466766
0.12364105874757907 0.38734396121263215
0.12382827630729501 0.38826094517858784
0.12401549386701097 0.3891779291445435
0.12420271142672691 0.39009491311049915
0.12438992898644285 0.39101189707645484
0.1245771465461588 0.3919288810424104
0.12476436410587474 0.3928458650083661
0.12495158166559069 0.39376284897432173
0.12513879922530663 0.4023279535183978
0.1253260167850226 0.41356100710135535
0.12551323434473854 0.4247940606843128
0.12570045190445447 0.43602711426726853
0.12588766946417043 0.4472601678502261
0.12607488702388636 0.45849322143318183
0.12626210458360232 0.4697262750161394
0.12644932214331828 0.48095932859909685
0.1266365397030342 0.49219238218205263
0.12682375726275016 0.5034254357650102
0.1270109748224661 0.5146584893479659
0.12719819238218205 0.5258915429309234
0.12738540994189798 0.5371245965138792
0.12757262750161394 0.5483576500968368
0.1277598450613299 0.5595907036797942
0.12794706262104583 0.57082375726275
0.12813428018076178 0.5820568108457075
0.1283214977404777 0.5932898644286633
0.12850871530019367 0.6045229180116208
0.1286959328599096 0.6157559715945766
0.12888315041962556 0.6269890251775341
0.12907036797934152 0.6382220787604916
0.12925758553905745 0.6494551323434474
0.1294448030987734 0.6606881859264049
0.12963202065848933 0.6719212395093607
0.1298192382182053 0.6831542930923182
0.13000645577792122 0.689260088799884
0.13019367333763718 0.6914761333842769
0.13038089089735314 0.69369217796867
0.13056810845706907 0.6959082225530625
0.13075532601678502 0.6981242671374556
0.13094254357650095 0.7003403117218481
0.1311297611362169 0.7025563563062411
0.13131697869593284 0.7047724008906338
0.1315041962556488 0.7069884454750267
0.13169141381536476 0.7092044900594197
0.13187863137508068 0.7114205346438123
0.13206584893479664 0.7136365792282052
0.13225306649451257 0.715852623812598
0.13244028405422853 0.7180686683969908
0.1326275016139445 0.7202847129813837
0.13281471917366042 0.7225007575657765
0.13300193673337637 0.7247168021501693
0.1331891542930923 0.726932846734562
0.13337637185280826 0.729148891318955
0.1335635894125242 0.7313649359033476
0.13375080697224015 0.7335809804877407
0.1339380245319561 0.7357970250721335
0.13412524209167204 0.7380130696565262
0.134312459651388 0.7402291142409192
0.13449967721110392 0.7424451588253118
0.13468689477081988 0.7446612034097048
0.1348741123305358 0.7464632020658488
0.13506132989025177 0.7476333118140737
0.13524854744996773 0.7488034215622983
0.13543576500968366 0.7499735313105229
0.1356229825693996 0.7511436410587476
0.13581020012911557 0.7523137508069724
0.1359974176888315 0.7534838605551969
0.13618463524854746 0.7546539703034216
0.1363718528082634 0.7558240800516463
0.13655907036797935 0.756994189799871
0.13674628792769528 0.7581642995480955
0.13693350548741123 0.7593344092963202
0.1371207230471272 0.760504519044545
0.13730794060684312 0.7616746287927696
0.13749515816655908 0.7628447385409942
0.137682375726275 0.7640148482892188
0.13786959328599097 0.7651849580374436
0.1380568108457069 0.7663550677856681
0.13824402840542285 0.7675251775338929
0.1384312459651388 0.7686952872821176
0.13861846352485474 0.7698653970303422
0.1388056810845707 0.7710355067785669
0.13899289864428663 0.7722056165267914
0.13918011620400259 0.7733757262750162
0.13936733376371852 0.7745458360232407
0.13955455132343447 0.7757159457714655
0.13974176888315043 0.7774466212566371
0.13992898644286636 0.7793570045190444
0.14011620400258232 0.7812673877814522
0.14030342156229825 0.7831777710438597
0.1404906391220142 0.7850881543062674
0.14067785668173013 0.7869985375686749
0.1408650742414461 0.7889089208310827
0.14105229180116205 0.7908193040934903
0.14123950936087798 0.7927296873558978
0.14142672692059394 0.7946400706183055
0.14161394448030987 0.796550453880713
0.14180116204002582 0.7984608371431207
0.14198837959974178 0.8003712204055285
0.1421755971594577 0.8022816036679359
0.14236281471917367 0.8041919869303437
0.1425500322788896 0.8061023701927511
0.14273724983860556 0.8080127534551589
0.1429244673983215 0.8099231367175662
0.14311168495803744 0.811833519979974
0.1432989025177534 0.8137439032423818
0.14348612007746933 0.8156542865047891
0.1436733376371853 0.8175646697671969
0.14386055519690122 0.8194750530296043
0.14404777275661718 0.8213854362920121
0.1442349903163331 0.8232958195544197
0.14442220787604906 0.8252062028168274
0.14460942543576502 0.8245707698185791
0.14479664299548095 0.8221254792426976
0.1449838605551969 0.8196801886668159
0.14517107811491284 0.8172348980909343
0.1453582956746288 0.8147896075150524
0.14554551323434473 0.8123443169391709
0.14573273079406068 0.8098990263632889
0.14591994835377664 0.8074537357874072
0.14610716591349257 0.8050084452115256
0.14629438347320853 0.8025631546356436
0.14648160103292446 0.8001178640597622
0.14666881859264042 0.7976725734838803
0.14685603615235635 0.7952272829079988
0.1470432537120723 0.7927819923321169
0.14723047127178826 0.7903367017562349
0.1474176888315042 0.7878914111803534
0.14760490639122015 0.7854461206044716
0.14779212395093608 0.7830008300285901
0.14797934151065203 0.7805555394527082
0.14816655907036796 0.7781102488768266
0.14835377663008392 0.7756649583009447
0.14854099418979988 0.7732196677250629
0.1487282117495158 0.7707743771491814
0.14891542930923177 0.7683290865732995
0.1491026468689477 0.765883795997418
0.14928986442866365 0.763438505421536
0.1494770819883796 0.7615595314949737
0.14966429954809554 0.7604897168680256
0.1498515171078115 0.7594199022410772
0.15003873466752743 0.758350087614129
0.1502259522272434 0.7572802729871807
0.15041316978695932 0.7562104583602326
0.15060038734667527 0.7551406437332843
0.15078760490639123 0.7540708291063359
0.15097482246610716 0.7530010144793877
0.15116204002582312 0.7519311998524394
0.15134925758553905 0.7508613852254912
0.151536475145255 0.7497915705985428
0.15172369270497094 0.7487217559715947
0.1519109102646869 0.7476519413446464
0.15209812782440285 0.7465821267176981
0.15228534538411878 0.7455123120907499
0.15247256294383474 0.7444424974638015
0.15265978050355067 0.7433726828368533
0.15284699806326663 0.742302868209905
0.15303421562298256 0.7412330535829569
0.1532214331826985 0.7401632389560086
0.15340865074241447 0.7390934243290602
0.1535958683021304 0.738023609702112
0.15378308586184636 0.7369537950751637
0.1539703034215623 0.7358839804482155
0.15415752098127825 0.7348141658212671
0.15434473854099418 0.7327582772295492
0.15453195610071013 0.7275620347558003
0.1547191736604261 0.7223657922820512
0.15490639122014202 0.717169549808303
0.15509360877985798 0.711973307334554
0.1552808263395739 0.7067770648608058
0.15546804389928987 0.7015808223870568
0.15565526145900582 0.6963845799133077
0.15584247901872175 0.6911883374395595
0.1560296965784377 0.6859920949658105
0.15621691413815364 0.6807958524920622
0.1564041316978696 0.6755996100183133
0.15659134925758553 0.670403367544565
0.15677856681730148 0.665207125070816
0.15696578437701744 0.660010882597067
0.15715300193673337 0.6548146401233188
0.15734021949644933 0.6496183976495697
0.15752743705616526 0.6444221551758216
0.15771465461588122 0.6392259127020725
0.15790187217559715 0.6340296702283243
0.1580890897353131 0.6288334277545753
0.15827630729502906 0.6236371852808262
0.158463524854745 0.6184409428070781
0.15865074241446095 0.613244700333329
0.15883795997417688 0.6080484578595807
0.15902517753389284 0.6028522153858318
0.15921239509360877 0.5979089340061398
0.15939961265332472 0.5965334580572063
0.15958683021304068 0.5951579821082726
0.1597740477727566 0.5937825061593393
0.15996126533247257 0.5924070302104057
0.1601484828921885 0.5910315542614724
0.16033570045190446 0.5896560783125387
0.16052291801162039 0.5882806023636055
0.16071013557133634 0.5869051264146719
0.1608973531310523 0.5855296504657382
0.16108457069076823 0.584154174516805
0.1612717882504842 0.5827786985678713
0.16145900581020012 0.581403222618938
0.16164622336991608 0.5800277466700043
0.161833440929632 0.5786522707210711
0.16202065848934796 0.5772767947721374
0.16220787604906392 0.5759013188232038
0.16239509360877985 0.5745258428742706
0.1625823111684958 0.5731503669253369
0.16276952872821174 0.5717748909764037
0.1629567462879277 0.57039941502747
0.16314396384764365 0.5690239390785364
0.16333118140735958 0.5676484631296032
0.16351839896707554 0.5662729871806695
0.16370561652679147 0.5648975112317361
0.16389283408650743 0.5635220352828026
0.16408005164622336 0.5621465593338691
0.16426726920593931 0.5546819722401549
0.16445448676565527 0.5464912040025817
0.1646417043253712 0.5383004357650097
0.16482892188508716 0.5301096675274366
0.1650161394448031 0.5219188992898647
0.16520335700451905 0.5137281310522915
0.16539057456423498 0.5055373628147196
0.16557779212395093 0.4973465945771465
0.1657650096836669 0.4891558263395733
0.16595222724338282 0.4809650581020014
0.16613944480309878 0.4727742898644282
0.1663266623628147 0.46458352162685634
0.16651387992253067 0.4563927533892832
0.1667010974822466 0.4482019851517112
0.16688831504196255 0.44001121691413814
0.1670755326016785 0.4318204486765649
0.16726275016139444 0.423629680438993
0.1674499677211104 0.41543891220141993
0.16763718528082633 0.40724814396384795
0.16782440284054229 0.39905737572627475
0.16801162040025822 0.39086660748870283
0.16819883795997417 0.38267583925112975
0.16838605551969013 0.37448507101355655
0.16857327307940606 0.3662943027759846
0.16876049063912202 0.3581035345384115
0.16894770819883795 0.35198052726578044
0.1691349257585539 0.35190411193528415
0.16932214331826984 0.35182769660478785
0.1695093608779858 0.35175128127429156
0.16969657843770175 0.3516748659437952
0.16988379599741768 0.3515984506132989
0.17007101355713364 0.3515220352828026
0.17025823111684957 0.35144561995230633
0.17044544867656553 0.35136920462181
0.17063266623628148 0.3512927892913137
0.1708198837959974 0.3512163739608174
0.17100710135571337 0.3511399586303211
0.1711943189154293 0.3510635432998248
0.17138153647514526 0.35098712796932846
0.1715687540348612 0.3509107126388322
0.17175597159457714 0.3508342973083359
0.1719431891542931 0.3507578819778396
0.17213040671400903 0.3506814666473433
0.172317624273725 0.350605051316847
0.17250484183344092 0.35052863598635065
0.17269205939315688 0.35045222065585435
0.1728792769528728 0.35037580532535806
0.17306649451258876 0.35029938999486177
0.17325371207230472 0.35022297466436547
0.17344092963202065 0.3501465593338691
0.1736281471917366 0.35007014400337283
0.17381536475145254 0.35026339573918625
0.1740025823111685 0.35347283962003123
0.17418979987088443 0.3566822835008758
0.17437701743060038 0.35989172738172076
0.17456423499031634 0.36310117126256575
0.17475145255003227 0.36631061514341023
0.17493867010974823 0.3695200590242553
0.17512588766946416 0.37272950290509976
0.17531310522918012 0.37593894678594475
0.17550032278889605 0.3791483906667893
0.175687540348612 0.3823578345476343
0.17587475790832796 0.38556727842847927
0.1760619754680439 0.3887767223093238
0.17624919302775985 0.3919861661901688
0.17643641058747578 0.3951956100710133
0.17662362814719174 0.39840505395185827
0.17681084570690767 0.4016144978327028
0.17699806326662362 0.4048239417135478
0.17718528082633958 0.4080333855943928
0.1773724983860555 0.4112428294752373
0.17755971594577147 0.4144522733560823
0.1777469335054874 0.41766171723692685
0.17793415106520336 0.42087116111777184
0.1781213686249193 0.42408060499861683
0.17830858618463524 0.42729004887946137
0.1784958037443512 0.43049949276030636
0.17868302130406713 0.43370893664115084
0.1788702388637831 0.4293444882149114
0.17905745642349902 0.42422466107165957
0.17924467398321497 0.4191048339284068
0.17943189154293093 0.41398500678515404
0.17961910910264686 0.4088651796419021
0.17980632666236282 0.40374535249864946
0.17999354422207875 0.3986255253553975
0.1801807617817947 0.3935056982121448
0.18036797934151064 0.3883858710688929
0.1805551969012266 0.3832660439256402
0.18074241446094255 0.37814621678238747
0.18092963202065848 0.37302638963913554
0.18111684958037444 0.3679065624958828
0.18130406714009037 0.3627867353526309
0.18149128469980633 0.3576669082093782
0.18167850225952226 0.35254708106612626
0.18186571981923821 0.34742725392287355
0.18205293737895417 0.3423074267796209
0.1822401549386701 0.3371875996363689
0.18242737249838606 0.33206777249311625
0.182614590058102 0.32694794534986427
0.18280180761781795 0.3218281182066116
0.18298902517753388 0.3167082910633596
0.18317624273724983 0.311588463920107
0.1833634602969658 0.30646863677685426
0.18355067785668172 0.30134880963360233
0.18373789541639768 0.2989868908183029
0.1839251129761136 0.29761141486936954
0.18411233053582957 0.2962359389204359
0.18429954809554552 0.29486046297150237
0.18448676565526145 0.29348498702256903
0.1846739832149774 0.2921095110736354
0.18486120077469334 0.2907340351247021
0.1850484183344093 0.2893585591757685
0.18523563589412523 0.28798308322683513
0.18542285345384119 0.2866076072779016
0.18561007101355714 0.285232131328968
0.18579728857327307 0.28385665538003463
0.18598450613298903 0.28248117943110107
0.18617172369270496 0.28110570348216773
0.18635894125242092 0.2797302275332341
0.18654615881213685 0.27835475158430073
0.1867333763718528 0.27697927563536723
0.18692059393156876 0.2756037996864336
0.1871078114912847 0.2742283237375003
0.18729502905100065 0.2728528477885667
0.18748224661071658 0.27147737183963333
0.18766946417043254 0.2701018958906998
0.18785668173014847 0.26872641994176644
0.18804389928986442 0.2673509439928328
0.18823111684958038 0.26597546804389927
0.1884183344092963 0.26459999209496593
0.18860555196901227 0.26365534050934775
0.1887927695287282 0.26304401786537734
0.18897998708844416 0.26243269522140683
0.1891672046481601 0.2618213725774365
0.18935442220787604 0.26121004993346597
0.189541639767592 0.2605987272894955
0.18972885732730793 0.25998740464552517
0.1899160748870239 0.25937608200155465
0.19010329244673982 0.2587647593575843
0.19029051000645578 0.2581534367136138
0.1904777275661717 0.2575421140696434
0.19066494512588766 0.25693079142567293
0.19085216268560362 0.2563194687817025
0.19103938024531955 0.2557081461377321
0.1912265978050355 0.25509682349376156
0.19141381536475144 0.2544855008497912
0.1916010329244674 0.25387417820582076
0.19178825048418335 0.2532628555618503
0.19197546804389928 0.2526515329178799
0.19216268560361524 0.2520402102739094
0.19234990316333117 0.25142888762993904
0.19253712072304713 0.2508175649859685
0.19272433828276306 0.2502062423419981
0.19291155584247902 0.24959491969802766
0.19309877340219497 0.24898359705405723
0.1932859909619109 0.24837227441008683
0.19347320852162686 0.24787798579728856
0.1936604260813428 0.24756595653109537
0.19384764364105875 0.24725392726490206
0.19403486120077468 0.24694189799870886
0.19422207876049064 0.2466298687325156
0.1944092963202066 0.24631783946632232
0.19459651387992252 0.24600581020012913
0.19478373143963848 0.24569378093393587
0.1949709489993544 0.24538175166774262
0.19515816655907037 0.24506972240154937
0.1953453841187863 0.24475769313535617
0.19553260167850225 0.2444456638691629
0.1957198192382182 0.24413363460296963
0.19590703679793414 0.24382160533677644
0.1960942543576501 0.24350957607058313
0.19628147191736603 0.24319754680438993
0.196468689477082 0.24288551753819668
0.19665590703679792 0.24257348827200342
0.19684312459651387 0.2422614590058102
0.19703034215622983 0.24194942973961694
0.19721755971594576 0.24163740047342375
0.19740477727566172 0.24132537120723044
0.19759199483537765 0.24101334194103724
0.1977792123950936 0.240701312674844
0.19796642995480954 0.24038928340865073
0.1981536475145255 0.2400772541424575
0.19834086507424145 0.23859134925758535
0.19852808263395738 0.23671917366042608
0.19871530019367334 0.2348469980632665
0.19890251775338927 0.2329748224661072
0.19908973531310523 0.23110264686894763
0.19927695287282118 0.22923047127178808
0.1994641704325371 0.22735829567462879
0.19965138799225307 0.2254861200774692
0.199838605551969 0.2236139444803099
0.20002582311168496 0.22174176888315036
0.2002130406714009 0.21986959328599107
0.20040025823111685 0.2179974176888315
0.2005874757908328 0.21612524209167192
0.20077469335054873 0.21425306649451265
0.2009619109102647 0.21238089089735307
0.20114912846998062 0.21050871530019377
0.20133634602969658 0.2086365397030342
0.2015235635894125 0.20676436410587493
0.20171078114912847 0.20489218850871535
0.20189799870884442 0.20302001291155578
0.20208521626856035 0.20114783731439645
0.2022724338282763 0.1992756617172369
0.20245965138799224 0.1974034861200776
0.2026468689477082 0.19553131052291806
0.20283408650742413 0.19365913492575876
0.20302130406714008 0.19178695932859918
0.20320852162685604 0.19060134912583496
0.20339573918657197 0.1899136111513683
0.20358295674628793 0.18922587317690148
0.20377017430600386 0.18853813520243481
0.20395739186571982 0.18785039722796804
0.20414460942543575 0.18716265925350134
0.2043318269851517 0.18647492127903456
0.20451904454486766 0.18578718330456778
0.2047062621045836 0.1850994453301011
0.20489347966429955 0.1844117073556343
0.20508069722401548 0.18372396938116764
0.20526791478373144 0.18303623140670083
0.2054551323434474 0.18234849343223405
0.20564234990316332 0.1816607554577674
0.20582956746287928 0.18097301748330058
0.2060167850225952 0.1802852795088339
0.20620400258231117 0.17959754153436713
0.2063912201420271 0.17890980355990044
0.20657843770174306 0.17822206558543366
0.206765655261459 0.17753432761096688
0.20695287282117494 0.17684658963650018
0.2071400903808909 0.1761588516620334
0.20732730794060683 0.17547111368756674
0.2075145255003228 0.17478337571309993
0.20770174306003872 0.17409563773863324
0.20788896061975468 0.17340789976416648
0.20807617817947063 0.1741970856773958
0.20826339573918656 0.17713907590150327
0.20845061329890252 0.18008106612561117
0.20863783085861845 0.18302305634971863
0.2088250484183344 0.1859650465738265
0.20901226597805034 0.18890703679793397
0.2091994835377663 0.19184902702204187
0.20938670109748225 0.19479101724614978
0.20957391865719818 0.19773300747025724
0.20976113621691414 0.20067499769436514
0.20994835377663007 0.2036169879184726
0.21013557133634603 0.20655897814258048
0.21032278889606196 0.20950096836668794
0.21051000645577791 0.21244295859079584
0.21069722401549387 0.21538494881490375
0.2108844415752098 0.2183269390390112
0.21107165913492576 0.2212689292631191
0.2112588766946417 0.22421091948722657
0.21144609425435765 0.22715290971133442
0.21163331181407358 0.23009489993544188
0.21182052937378953 0.2330368901595498
0.2120077469335055 0.2359788803836577
0.21219496449322142 0.23892087060776515
0.21238218205293738 0.24186286083187306
0.2125693996126533 0.24480485105598052
0.21275661717236927 0.24774684128008842
0.21294383473208522 0.24939168126902148
0.21313105229180115 0.24679356003214734
0.2133182698515171 0.24419543879527283
0.21350548741123304 0.24159731755839867
0.213692704970949 0.23899919632152417
0.21387992253066493 0.23640107508465003
0.2140671400903809 0.2338029538477755
0.21425435765009684 0.231204832610901
0.21444157520981277 0.22860671137402686
0.21462879276952873 0.22600859013715235
0.21481601032924466 0.2234104689002782
0.21500322788896062 0.22081234766340369
0.21519044544867655 0.21821422642652955
0.2153776630083925 0.21561610518965502
0.21556488056810846 0.21301798395278052
0.2157520981278244 0.21041986271590638
0.21593931568754035 0.20782174147903187
0.21612653324725628 0.2052236202421577
0.21631375080697224 0.2026254990052832
0.21650096836668817 0.20002737776840906
0.21668818592640413 0.19742925653153454
0.21687540348612008 0.19483113529466003
0.217062621045836 0.1922330140577859
0.21724983860555197 0.1896348928209114
0.2174370561652679 0.18703677158403725
0.21762427372498386 0.18443865034716272
0.2178114912846998 0.18191557423485868
0.21799870884441575 0.1805400982859251
0.2181859264041317 0.17916462233699154
0.21837314396384763 0.1777891463880582
0.2185603615235636 0.17641367043912462
0.21874757908327952 0.17503819449019128
0.21893479664299548 0.1736627185412577
0.2191220142027114 0.17228724259232436
0.21930923176242736 0.1709117666433908
0.21949644932214332 0.16953629069445722
0.21968366688185925 0.16816081474552388
0.2198708844415752 0.1667853387965903
0.22005810200129114 0.16540986284765696
0.2202453195610071 0.1640343868987234
0.22043253712072305 0.16265891094978982
0.22061975468043898 0.16128343500085648
0.22080697224015494 0.1599079590519229
0.22099418979987087 0.15853248310298954
0.22118140735958683 0.157157007154056
0.22136862491930276 0.15578153120512261
0.22155584247901872 0.15440605525618908
0.22174306003873467 0.1530305793072555
0.2219302775984506 0.15165510335832214
0.22211749515816656 0.1502796274093886
0.2223047127178825 0.14890415146045521
0.22249193027759845 0.14752867551152168
0.22267914783731438 0.1461531995625883
0.22286636539703034 0.14735865074241436
0.2230535829567463 0.1488875941467613
0.22324080051646222 0.1504165375511081
0.22342801807617818 0.15194548095545507
0.2236152356358941 0.15347442435980185
0.22380245319561007 0.15500336776414883
0.223989670755326 0.15653231116849559
0.22417688831504196 0.1580612545728426
0.2243641058747579 0.15959019797718957
0.22455132343447384 0.16111914138153632
0.2247385409941898 0.16264808478588333
0.22492575855390573 0.16417702819023006
0.2251129761136217 0.16570597159457706
0.22530019367333762 0.16723491499892384
0.22548741123305358 0.1687638584032708
0.22567462879276953 0.1702928018076178
0.22586184635248546 0.17182174521196455
0.22604906391220142 0.17335068861631153
0.22623628147191735 0.17487963202065832
0.2264234990316333 0.1764085754250053
0.22661071659134926 0.17793751882935227
0.2267979341510652 0.17946646223369905
0.22698515171078115 0.18099540563804603
0.22717236927049708 0.1825243490423928
0.22735958683021304 0.18405329244673976
0.22754680438992897 0.1849917682243977
0.22773402194964493 0.18415884112198794
0.22792123950936088 0.18332591401957815
0.22810845706907681 0.1824929869171685
0.22829567462879277 0.18166005981475875
0.2284828921885087 0.18082713271234907
0.22867010974822466 0.1799942056099393
0.2288573273079406 0.17916127850752966
0.22904454486765655 0.17832835140511988
0.2292317624273725 0.17749542430271012
0.22941897998708843 0.17666249720030047
0.2296061975468044 0.1758295700978907
0.22979341510652032 0.17499664299548104
0.22998063266623628 0.17416371589307125
0.2301678502259522 0.17333078879066163
0.23035506778566817 0.17249786168825185
0.23054228534538412 0.1716649345858421
0.23072950290510005 0.1708320074834324
0.230916720464816 0.16999908038102263
0.23110393802453194 0.169166153278613
0.2312911555842479 0.16833322617620322
0.23147837314396383 0.16750029907379357
0.23166559070367979 0.16666737197138382
0.23185280826339574 0.16583444486897403
0.23204002582311167 0.16500151776656438
0.23222724338282763 0.1641685906641546
0.23241446094254356 0.16333566356174495
0.23260167850225952 0.1625027364593352
0.23278889606197545 0.16166980935692554
0.2329761136216914 0.16083688225451576
0.23316333118140736 0.160003955152106
0.2333505487411233 0.15917102804969638
0.23353776630083925 0.15833810094728662
0.23372498386055518 0.15750517384487694
0.23391220142027114 0.15667224674246719
0.2340994189799871 0.15583931964005743
0.23428663653970302 0.15500639253764778
0.23447385409941898 0.15417346543523802
0.2346610716591349 0.15334053833282835
0.23484828921885087 0.1525076112304186
0.2350355067785668 0.15167468412800897
0.23522272433828276 0.15084175702559918
0.23540994189799871 0.15000882992318942
0.23559715945771464 0.14917590282077978
0.2357843770174306 0.14834297571837
0.23597159457714653 0.14751004861596037
0.2361588121368625 0.14667712151355058
0.23634602969657842 0.14584419441114094
0.23653324725629438 0.14501126730873118
0.23672046481601033 0.14417834020632142
0.23690768237572626 0.14334541310391177
0.23709489993544222 0.142512486001502
0.23728211749515815 0.14167955889909234
0.2374693350548741 0.14082589689200412
0.23765655261459004 0.1399700451904456
0.237843770174306 0.13911419348888693
0.23803098773402195 0.13825834178732826
0.23821820529373788 0.1374024900857697
0.23840542285345384 0.13654663838421105
0.23859264041316977 0.13569078668265253
0.23877985797288573 0.13483493498109386
0.23896707553260166 0.1339790832795353
0.23915429309231762 0.13312323157797665
0.23934151065203357 0.13226737987641798
0.2395287282117495 0.13141152817485943
0.23971594577146546 0.13055567647330077
0.2399031633311814 0.12969982477174222
0.24009038089089735 0.12884397307018355
0.24027759845061328 0.12798812136862503
0.24046481601032924 0.12713226966706637
0.2406520335700452 0.1262764179655077
0.24083925112976112 0.12542056626394915
0.24102646868947708 0.12456471456239049
0.241213686249193 0.12370886286083196
0.24140090380890897 0.1228530111592733
0.24158812136862493 0.12199715945771464
0.24177533892834085 0.12114130775615609
0.2419625564880568 0.12028545605459742
0.24214977404777274 0.1194296043530389
0.2423369916074887 0.1194739832149774
0.24252420916720463 0.11984841833440928
0.2427114267269206 0.12022285345384119
0.24289864428663654 0.1205972885732731
0.24308586184635247 0.12097172369270495
0.24327307940606843 0.12134615881213687
0.24346029696578436 0.12172059393156874
0.24364751452550032 0.12209502905100066
0.24383473208521625 0.1224694641704325
0.2440219496449322 0.12284389928986444
0.24420916720464816 0.12321833440929636
0.2443963847643641 0.1235927695287282
0.24458360232408005 0.12396720464816012
0.24477081988379598 0.124341639767592
0.24495803744351194 0.12471607488702391
0.24514525500322787 0.12509051000645574
0.24533247256294383 0.12546494512588766
0.24551969012265978 0.1258393802453196
0.2457069076823757 0.12621381536475146
0.24589412524209167 0.12658825048418337
0.2460813428018076 0.12696268560361523
0.24626856036152356 0.12733712072304715
0.2464557779212395 0.127711555842479
0.24664299548095545 0.12808599096191092
0.2468302130406714 0.12846042608134284
0.24701743060038733 0.1288348612007747
0.2472046481601033 0.12897864323263197
0.24739186571981922 0.12894043556738385
0.24757908327953518 0.12890222790213568
0.2477663008392511 0.12886402023688753
0.24795351839896707 0.1288258125716394
0.24814073595868302 0.12878760490639124
0.24832795351839895 0.12874939724114307
0.2485151710781149 0.12871118957589492
0.24870238863783084 0.12867298191064677
0.2488896061975468 0.12863477424539863
0.24907682375726276 0.12859656658015048
0.24926404131697869 0.1285583589149023
0.24945125887669464 0.12852015124965416
0.24963847643641057 0.128481943584406
0.24982569399612653 0.12844373591915786
0.25001291155584243 0.12840552825390972
0.2502001291155584 0.12836732058866157
0.25038734667527435 0.1283291129234134
0.2505745642349903 0.12829090525816525
0.25076178179470626 0.1282526975929171
0.25094899935442216 0.12821448992766896
0.2511362169141381 0.1281762822624208
0.2513234344738541 0.12813807459717264
0.25151065203357004 0.1280998669319245
0.251697869593286 0.12806165926667631
0.2518850871530019 0.1280234516014282
0.25207230471271785 0.12777404777275672
0.2522595222724338 0.12718899289864435
0.25244673983214977 0.126603938024532
0.25263395739186567 0.12601888315041979
0.25282117495158163 0.12543382827630742
0.2530083925112976 0.12484877340219502
0.25319561007101354 0.12426371852808267
0.2533828276307295 0.12367866365397029
0.2535700451904454 0.12309360877985809
0.25375726275016136 0.12250855390574572
0.2539444803098773 0.12192349903163335
0.2541316978695933 0.12133844415752099
0.25431891542930923 0.1207533892834086
0.25450613298902514 0.1201683344092964
0.2546933505487411 0.11958327953518405
0.25488056810845705 0.11899822466107167
0.255067785668173 0.11841316978695929
0.25525500322788897 0.11782811491284693
0.25544222078760487 0.11724306003873473
0.2556294383473208 0.11665800516462235
0.2558166559070368 0.11607295029050997
0.25600387346675274 0.11548789541639762
0.25619109102646864 0.11490284054228542
0.2563783085861846 0.11431778566817304
0.25656552614590056 0.11373273079406068
0.2567527437056165 0.1131476759199483
0.2569399612653325 0.11349129260484062
0.2571271788250484 0.11414846444710867
0.25731439638476433 0.11480563628937693
0.2575016139444803 0.11546280813164518
0.25768883150419625 0.11611997997391343
0.2578760490639122 0.1167771518161817
0.2580632666236281 0.11743432365844975
0.25825048418334406 0.11809149550071803
0.25843770174306 0.11874866734298628
0.258624919302776 0.11940583918525455
0.2588121368624919 0.12006301102752259
0.25899935442220784 0.12072018286979086
0.2591865719819238 0.12137735471205911
0.25937378954163975 0.12203452655432737
0.2595610071013557 0.12269169839659562
0.2597482246610716 0.1233488702388637
0.25993544222078757 0.12400604208113196
0.26012265978050353 0.12466321392340021
0.2603098773402195 0.12532038576566848
0.26049709489993544 0.12597755760793672
0.2606843124596514 0.12663472945020499
0.2608715300193673 0.12729190129247303
0.26105874757908326 0.1279490731347413
0.2612459651387992 0.12860624497700954
0.2614331826985152 0.1292634168192778
0.26162040025823113 0.12992058866154607
0.26180761781794704 0.1301560743600216
0.261994835377663 0.1300796590295253
0.26218205293737895 0.13000324369902902
0.2623692704970949 0.1299268283685327
0.2625564880568108 0.1298504130380364
0.26274370561652677 0.1297739977075401
0.2629309231762427 0.1296975823770438
0.2631181407359587 0.12962116704654747
0.26330535829567464 0.12954475171605118
0.26349257585539054 0.12946833638555488
0.2636797934151065 0.12939192105505856
0.26386701097482246 0.12931550572456227
0.2640542285345384 0.12923909039406598
0.2642414460942544 0.12916267506356965
0.2644286636539703 0.12908625973307336
0.26461588121368623 0.12900984440257707
0.2648030987734022 0.12893342907208075
0.26499031633311815 0.12885701374158443
0.26517753389283405 0.12878059841108816
0.26536475145255 0.12870418308059184
0.26555196901226596 0.12862776775009552
0.2657391865719819 0.12855135241959922
0.2659264041316979 0.12847493708910293
0.2661136216914138 0.12839852175860664
0.26630083925112974 0.12832210642811032
0.2664880568108457 0.12824569109761402
0.26667527437056165 0.12841814205346438
0.2668624919302776 0.12896069089998816
0.2670497094899935 0.12950323974651182
0.26723692704970947 0.1300457885930356
0.26742414460942543 0.13058833743955942
0.2676113621691414 0.1311308862860832
0.26779857972885734 0.131673435132607
0.26798579728857325 0.13221598397913062
0.2681730148482892 0.1327585328256544
0.26836023240800516 0.13330108167217822
0.2685474499677211 0.133843630518702
0.268734667527437 0.13438617936522562
0.268921885087153 0.13492872821174942
0.26910910264686894 0.1354712770582732
0.2692963202065849 0.13601382590479702
0.26948353776630085 0.1365563747513208
0.26967075532601675 0.13709892359784445
0.2698579728857327 0.13764147244436822
0.27004519044544867 0.13818402129089202
0.2702324080051646 0.13872657013741582
0.2704196255648806 0.13926911898393962
0.2706068431245965 0.13981166783046325
0.27079406068431244 0.14035421667698703
0.2709812782440284 0.14089676552351083
0.27116849580374436 0.14143931437003462
0.27135571336346026 0.14198186321655823
0.2715429309231762 0.14211613022226352
0.2717301484828922 0.14087820186822328
0.27191736604260813 0.13964027351418307
0.2721045836023241 0.13840234516014285
0.27229180116204 0.137164416806103
0.27247901872175595 0.13592648845206276
0.2726662362814719 0.13468856009802255
0.27285345384118787 0.13345063174398233
0.2730406714009038 0.13221270338994212
0.2732278889606197 0.13097477503590227
0.2734151065203357 0.12973684668186206
0.27360232408005164 0.12849891832782184
0.2737895416397676 0.12726098997378163
0.27397675919948355 0.1260230616197414
0.27416397675919946 0.12478513326570154
0.2743511943189154 0.12354720491166132
0.27453841187863137 0.1223092765576211
0.27472562943834733 0.12107134820358088
0.27491284699806323 0.11983341984954105
0.2751000645577792 0.11859549149550082
0.27528728211749515 0.1173575631414606
0.2754744996772111 0.11611963478742038
0.27566171723692706 0.11488170643338017
0.27584893479664296 0.1136437780793403
0.2760361523563589 0.11240584972530009
0.2762233699160749 0.11116792137125986
0.27641058747579084 0.10994814297571827
0.2765978050355068 0.10903115900976255
0.2767850225952227 0.10811417504380712
0.27697224015493865 0.1071971910778514
0.2771594577146546 0.1062802071118957
0.27734667527437057 0.10536322314594
0.27753389283408647 0.10444623917998455
0.27772111039380243 0.10352925521402885
0.2779083279535184 0.10261227124807314
0.27809554551323434 0.10169528728211744
0.2782827630729503 0.10077830331616174
0.2784699806326662 0.0998613193502063
0.27865719819238216 0.09894433538425058
0.2788444157520981 0.09802735141829488
0.2790316333118141 0.09711036745233917
0.27921885087153003 0.09619338348638345
0.27940606843124594 0.09527639952042802
0.2795932859909619 0.09435941555447232
0.27978050355067785 0.09344243158851662
0.2799677211103938 0.0925254476225609
0.28015493867010977 0.09160846365660519
0.28034215622982567 0.09069147969064975
0.2805293737895416 0.08977449572469404
0.2807165913492576 0.08885751175873834
0.28090380890897354 0.08794052779278264
0.28109102646868944 0.0870235438268272
0.2812782440284054 0.08610655986087148
0.28146546158812136 0.08629645201205077
0.2816526791478373 0.08663188347320853
0.2818398967075533 0.08696731493436628
0.2820271142672692 0.08730274639552393
0.28221433182698513 0.08763817785668171
0.2824015493867011 0.08797360931783946
0.28258876694641705 0.0883090407789972
0.282775984506133 0.08864447224015497
0.2829632020658489 0.08897990370131262
0.28315041962556486 0.08931533516247037
0.2833376371852808 0.08965076662362814
0.2835248547449968 0.08998619808478589
0.2837120723047127 0.09032162954594354
0.28389928986442864 0.0906570610071013
0.2840865074241446 0.09099249246825905
0.28427372498386055 0.0913279239294168
0.2844609425435765 0.09166335539057457
0.2846481601032924 0.09199878685173223
0.28483537766300837 0.09233421831288997
0.28502259522272433 0.09266964977404774
0.2852098127824403 0.09300508123520548
0.28539703034215624 0.09334051269636323
0.28558424790187215 0.0936759441575209
0.2857714654615881 0.09401137561867866
0.28595868302130406 0.0943468070798364
0.28614590058102 0.09471240958617143
0.2863331181407359 0.09517090156914915
0.2865203357004519 0.09562939355212702
0.28670755326016784 0.09608788553510486
0.2868947708198838 0.09654637751808272
0.28708198837959975 0.09700486950106058
0.28726920593931565 0.09746336148403831
0.2874564234990316 0.09792185346701616
0.28764364105874757 0.09838034544999402
0.2878308586184635 0.0988388374329719
0.2880180761781795 0.09929732941594975
0.2882052937378954 0.09975582139892747
0.28839251129761134 0.10021431338190533
0.2885797288573273 0.1006728053648832
0.28876694641704326 0.10113129734786104
0.2889541639767592 0.10158978933083891
0.2891413815364751 0.10204828131381663
0.2893285990961911 0.1025067732967945
0.28951581665590703 0.10296526527977234
0.289703034215623 0.1034237572627502
0.2898902517753389 0.10388224924572793
0.29007746933505485 0.10434074122870579
0.2902646868947708 0.10479923321168366
0.29045190445448676 0.1052577251946615
0.2906391220142027 0.10571621717763938
0.2908263395739186 0.1061747091606171
0.2910135571336346 0.10669130314488609
0.29120077469335054 0.10795215609807518
0.2913879922530665 0.10921300905126428
0.29157520981278245 0.1104738620044534
0.29176242737249836 0.11173471495764212
0.2919496449322143 0.11299556791083121
0.29213686249193027 0.11425642086402031
0.29232408005164623 0.1155172738172094
0.29251129761136213 0.11677812677039812
0.2926985151710781 0.11803897972358722
0.29288573273079405 0.11929983267677631
0.29307295029051 0.12056068562996541
0.29326016785022596 0.12182153858315453
0.29344738540994186 0.12308239153634325
0.2936346029696578 0.12434324448953234
0.2938218205293738 0.12560409744272144
0.29400903808908974 0.12686495039591053
0.2941962556488057 0.12812580334909962
0.2943834732085216 0.12938665630228835
0.29457069076823755 0.13064750925547744
0.2947579083279535 0.13190836220866653
0.29494512588766947 0.13316921516185565
0.2951323434473854 0.13443006811504474
0.2953195610071013 0.13569092106823347
0.2955067785668173 0.13695177402142256
0.29569399612653324 0.13821262697461165
0.2958812136862492 0.13947347992780076
0.2960684312459651 0.1378813138166826
0.29625564880568106 0.13597093055427487
0.296442866365397 0.13406054729186714
0.296630083925113 0.13215016402945942
0.29681730148482893 0.1302397807670517
0.29700451904454483 0.12832939750464453
0.2971917366042608 0.1264190142422368
0.29737895416397675 0.1245086309798291
0.2975661717236927 0.12259824771742137
0.29775338928340866 0.12068786445501366
0.29794060684312457 0.1187774811926065
0.2981278244028405 0.11686709793019877
0.2983150419625565 0.11495671466779106
0.29850225952227244 0.11304633140538332
0.29868947708198834 0.11113594814297617
0.2988766946417043 0.10922556488056843
0.29906391220142026 0.10731518161816073
0.2992511297611362 0.10540479835575299
0.29943834732085217 0.10349441509334528
0.2996255648805681 0.10158403183093812
0.29981278244028403 0.09967364856853039
0.3 0.09776326530612267
